site,A,C,D,E,F,G,H,I,K,L,M,N,P,Q,R,S,T,V,W,Y
-16,0.01444348810017048,0.10051696443303357,0.05329444310765165,0.13689452877834793,0.045493488328086,0.05409410672025535,0.018576735601210263,0.05362034387934265,0.0866527315288275,0.021005712369613308,0.030436758162577345,0.10853261826288282,0.0006861973225552805,0.03388176306340777,0.052268538539308414,0.026673352078795263,0.044758782845558176,0.018866280545044897,0.05026968526147384,0.04903348107185751
-15,0.006510874834535457,0.029475286169040767,0.05058339195430135,0.03782025313189785,0.02347575864132934,0.0759236649686786,0.02656443000002784,0.05043093454692988,0.3432740813914059,0.031035626009764155,0.024499118317709716,0.026803532857760742,0.004274144509842095,0.08410642161091153,0.05374371278702341,0.020407040188899973,0.03019822772586576,0.02759968585046264,0.019867588843579743,0.033406225660033186
-14,0.14039213652746052,0.018916646187465767,0.010304987339592578,0.20020065971843395,0.04610847884834391,0.015377971830514925,0.02799207251689113,0.030280864846018336,0.04449683180854037,0.03743724507685482,0.02664829577580601,0.017409305133735457,0.033704388884063775,0.06787229037947745,0.02900879092225547,0.04240499836687691,0.17470729600534926,0.005194125012275582,0.016378875125304827,0.015163739694738968
-13,0.024313052191557383,0.03607106505002978,0.008624079382211781,0.053779932526264125,0.02468590853214735,0.11382414127667895,0.0936822811301154,0.16751948628371996,0.016603872193690524,0.06350908516268974,0.04578821981189532,0.05258886176021518,0.007670474223739145,0.02647539423894879,0.0047518225716773705,0.04905001937052388,0.009849109897351169,0.043051563937073024,0.018509605662017814,0.1396520247974534
-12,0.01840235292081884,0.04196163852749592,0.04441721134648839,0.01807530410114116,0.14877804618091167,0.1960277538613412,0.017414531255605686,0.1265758358836703,0.01627643725269961,0.01192138362971197,0.01691987850383706,0.015298167284589752,0.003068733254537625,0.1723631168127793,0.0035740865108279812,0.02002907109538791,0.018553818817202892,0.017762010045589367,0.08020858571353473,0.012372037001828665
-11,0.4743239845267447,0.020412217933196933,0.0716548031493542,0.012800657721075172,0.017308642320583746,0.01872203870024323,0.012000640394886606,0.04246628329366167,0.018602979968700487,0.00691711312823329,0.04303642253260798,0.027345020979536144,0.008420317127905039,0.01017903360985589,0.01626537657021546,0.05909931806434408,0.046026071487604535,0.05216305785608503,0.02471883294637476,0.017537187688791058
-10,0.01610006201317564,0.021422824835794232,0.1040713912159906,0.06603576260388262,0.05206615026897566,0.0395339775805347,0.0793752065232718,0.07297200888723493,0.009417885273013923,0.13613556525099832,0.04713422219641924,0.14606255963973655,0.03939268080365532,0.018436629152476538,0.004278268317233821,0.051838209768805286,0.012080153496056048,0.01784052659102949,0.04301057747820233,0.022795338103512964
-9,0.02687227897407014,0.06456666469198019,0.010811542447528018,0.029933586381653225,0.034788369302976664,0.057985832946123715,0.10976071015207577,0.018079902583862783,0.00950359987951502,0.018043325552812992,0.02028868917111443,0.14918947834364116,0.0037839686855559475,0.030497091176490927,0.011441677393760324,0.2328689214927825,0.037347253376779764,0.007334992017977488,0.033119457198816,0.09378265823048297
-8,0.01812683298607805,0.047486761696760735,0.2357104201211239,0.02850734793128125,0.0915366775217462,0.012180466651053993,0.03689673491007342,0.0105620523700321,0.014401104803977475,0.016312502723514557,0.038542565428635135,0.04350494732808546,0.2554310262203674,0.0019073389372401565,0.013228893083172898,0.010316438754134677,0.038194049149917614,0.028498141700523588,0.009029871564467891,0.049625826117813424
-7,0.07722825314985866,0.0154583963638086,0.004479089832512006,0.10476127087408553,0.021314450449853462,0.024933221650555108,0.040326685207754884,0.06581370945887333,0.009525796329486044,0.023387463525130905,0.05207324738602268,0.026560989927590102,0.028463157661091937,0.020808902235637684,0.03848964617196244,0.006550266807355478,0.3265873591816905,0.06548867550536099,0.012931262273532841,0.0348181560078367
-6,0.0124341183088216,0.013107151991637169,0.01742338328059559,0.2100911597706767,0.006093652217023948,0.007666708923895101,0.058610881590355185,0.023681074151801262,0.19499745735906995,0.05626169207117812,0.03985518785536832,0.03380891653952353,0.18880343054194004,0.00850675492054576,0.05553342701605518,0.0051859940174909655,0.01178582999944366,0.0158688670648902,0.015090163376633103,0.02519414900305466
-5,0.03371518048252913,0.11686639615072285,0.06681123621446179,0.03945471352734407,0.034199278058036214,0.04029661530181003,0.050784356362700615,0.031065667252789763,0.028134757336772242,0.009177594444831266,0.04361931151046733,0.11806659420070087,0.017230612681667312,0.030466638549895488,0.13384193341503348,0.07095493941531326,0.034498065704631445,0.016749766851605164,0.04089053316083218,0.04317580937785551
-4,0.00585532435127581,0.02743054387057814,0.047932782050514884,0.04440385440666172,0.2961817106411454,0.02687443499486973,0.023566991787527303,0.03355580184226279,0.03888174164237235,0.07362898686031323,0.061978084749492526,0.045422234513623434,0.02547249942273841,0.049018485314760066,0.02652650694219725,0.004506800710555071,0.03522004321669856,0.03210334542436793,0.05555314459816504,0.04588668265988035
-3,0.010260239426181223,0.12894306572676748,0.00837443095995981,0.014466011577968696,0.04266422553184848,0.05642911305801706,0.102200814792737,0.055403099998035735,0.028387446886916974,0.18823054434487088,0.03892909855821512,0.017694960367080657,0.0018594852402388188,0.008880567215127179,0.02521991429027225,0.02693577877190259,0.04444015416100524,0.18298621270639026,0.010814114023779516,0.006880722362685154
-2,0.00894882515485818,0.4642178271197195,0.009891018872712376,0.0075142119851902825,0.04203912966160056,0.01698140698511876,0.023800525109155042,0.22547766396558835,0.009546603329680412,0.02278981109002112,0.030243772242524045,0.00913814474906486,0.035903601933940835,0.011125580025087914,0.019370991397762855,0.010027205393235431,0.007125798772022305,0.018089229105277355,0.005996811953860582,0.02177184115357941
-1,0.13481123922079305,0.02543404995089474,0.05644433905617546,0.010189851396456626,0.04142279247488848,0.11639565598739965,0.01899053475940765,0.007463857714328686,0.01959987972846423,0.01038792350191867,0.02843185187548031,0.02263567291731316,0.03013935481636043,0.00973494253373166,0.0030419863151546853,0.35893007895127405,0.05742448309484074,0.011400361346811563,0.02889813804346598,0.008223006314840166
1,0.025997893458825562,0.006791515876516345,0.013896554504416141,0.02265006076565014,0.6630536353361204,0.057344217713082436,0.012673341344684529,0.012158940230644923,0.0126767174704358,0.005877715411898546,0.036245175424392435,0.0037997006354826366,0.0012691993676141756,0.03552547522392085,0.013063159400652285,0.01201521076157859,0.0366138310942345,0.007734249281728988,0.014560499884963015,0.0060529068131577705
2,0.062038673254953075,0.0564512631045,0.023977952116395997,0.016743460315330732,0.01522847444670893,0.05785810843205405,0.13933205517931688,0.003994405618544697,0.1007793878503992,0.0513542977757555,0.02662410712170361,0.15300529068993854,0.033037177406361765,0.1446557876907358,0.015339179368914041,0.028058485967952542,0.024723535503520945,0.0024500847832500602,0.014539849795712503,0.029808423577951163
3,0.0525985628087586,0.0043102669396887635,0.043654316433016066,0.03173114601040195,0.038695814241925065,0.012921886938415913,0.08861508737950728,0.20733196651498095,0.029364038870309483,0.10948565680476204,0.05107267473481734,0.007459709712630114,0.06037179950466338,0.029971534635533637,0.002215781349988216,0.012801961381368855,0.05068357945766548,0.07250280603399359,0.05409144903041062,0.040119961217162665
4,0.013936978590163828,0.00461033806335657,0.030913975929230317,0.09348353198677722,0.06214020590313179,0.02601004874997777,0.09021652283651192,0.020603514345139955,0.0093470971395011,0.027883198061136462,0.018406919371513963,0.27589672800991344,0.10476592399568806,0.023133689000892247,0.02907901358815927,0.03369106554959243,0.027847684349689285,0.03808264330118863,0.06246932688324314,0.007481594345192619
5,0.029865398312319692,0.3685142913420479,0.022332484312054885,0.045874310734365466,0.051280431238044134,0.08341555537725442,0.01461556981305828,0.02911649472015233,0.004381389600052728,0.03067697661633455,0.06665489703841933,0.006202134902277071,0.03837484958641839,0.02704557371177336,0.020285172290065715,0.021626738363941852,0.024501191532810496,0.054650188676791216,0.036441599365176304,0.0241447524666418
6,0.0160403901472839,0.03800089004424991,0.04155473699136486,0.02097983819322065,0.018899056456654236,0.053919823620851404,0.06302056571309328,0.04943072706832603,0.015427367377495269,0.16133318113213366,0.006373798137948526,0.1037026372877447,0.05495253657003142,0.013971996048903378,0.02691001234088624,0.01871482518835732,0.046058385872244124,0.1281291137003293,0.07536472962713334,0.047215388481748485
7,0.07086453493682647,0.007922339868008759,0.1752748152399554,0.039150889845570185,0.02161245661630911,0.0608167046077798,0.10093702657867958,0.01925607696198737,0.0299850135952186,0.04510016074950547,0.026759227253028532,0.07412856496614766,0.06448096492651728,0.035019022746233135,0.010179175898375088,0.13203893366477984,0.0113950733474496,0.0042204082160329295,0.019017823986824573,0.05184078599477061
8,0.010802765501477159,0.003408209951618171,0.04262843590127988,0.03999281594654898,0.03446472391453888,0.16489341336267194,0.014783595402485703,0.13822779722247253,0.021501395897256345,0.061995840085322725,0.02608957469444535,0.09006476156746841,0.1606011661284414,0.004746034479160932,0.028355604059773,0.020471900631465888,0.03678167779757829,0.03555803782559043,0.02980499653334972,0.03482725309705427
9,0.2311363618117309,0.03134208586948995,0.02116732364241089,0.02870730217582678,0.06127551799220626,0.0506880879861112,0.01751127640624861,0.04489307956467421,0.012077520656015708,0.02877043777021525,0.04598368266866568,0.030708984928486668,0.017521447239828746,0.042904626267465884,0.0822335088114639,0.17158909411653525,0.02374565879962913,0.005298254678115279,0.017574621993304656,0.034871126621575016
10,0.04774533055307463,0.1010897855986097,0.04854293060190108,0.032617963623377,0.010142803977251341,0.03694675094754008,0.04814887761672277,0.1260881114595469,0.03784162507421595,0.18759809887414647,0.017463050437198417,0.04312983318611227,0.012798141287847457,0.05031273668235944,0.02713131170120104,0.005350214848902072,0.06642163954159598,0.04976889565862416,0.03310734733526178,0.017754550994511405
11,0.2106930993384748,0.021747489381584644,0.023763651295518558,0.044690405001392465,0.030490805408013032,0.030365219313445886,0.029166996970783413,0.035604909368743616,0.021570540995921157,0.012839827375395591,0.032647446441095324,0.029279725997857255,0.08921270766035028,0.03731558536409027,0.03223970050221967,0.019147649324169725,0.15548713285040452,0.049453806491539055,0.0562855738315688,0.037997727087431966
12,0.035428518191319834,0.03052368153375087,0.02046072577749417,0.032103642326519716,0.05060645014908044,0.035627141967572884,0.044668607383420496,0.061333007848728416,0.017639278858661532,0.03949853700738519,0.06520770134734195,0.024816195462574832,0.019967148559774425,0.05574281451658262,0.03664469817316593,0.0060257090752075205,0.11775278218078143,0.04348825038513924,0.025209260887658583,0.2372558483678399
13,0.013146543258614859,0.053738679628926166,0.01961321997462018,0.020512841567736355,0.026786038090327428,0.01765847700019006,0.18095747094133965,0.04943074239257743,0.024238415895790056,0.24684847276103064,0.04226005821382133,0.04285913986531753,0.06019413303388003,0.044808859526310515,0.017805616859356034,0.02320613231020853,0.017257801325154403,0.018017012174693557,0.04778623128071037,0.03287411389939485
14,0.015201017591937826,0.3348479675180268,0.008644882380496492,0.0125423537188316,0.013889446561823235,0.009811432088917552,0.008489731422913245,0.009889983718048771,0.13343531642779366,0.006680528790818325,0.03153615625464855,0.015714917995605513,0.00825474104637221,0.023695973120121144,0.032542030122339465,0.013210774138654886,0.016575720383432618,0.14314358895362445,0.14661419761849334,0.015279240147100371
15,0.019235508677439214,0.029495592298210194,0.03267977005784674,0.04263837067769916,0.024407155916658863,0.00787220123488075,0.05138592948893754,0.03525789779643545,0.01831669502959644,0.3496746863159535,0.049523460986421436,0.01265829429592633,0.0194651604137136,0.022566780410876505,0.015859252355360617,0.012880376644798457,0.010779913452809077,0.15307213559855254,0.0598670400914651,0.03236377825641855
16,0.04452972602236018,0.021452570439561048,0.016147727736979554,0.03655462129495052,0.020303714337548903,0.4049513883987207,0.029405909244184243,0.014116876545516662,0.0250330679343298,0.011750299099388944,0.037429461416733256,0.02064701867399437,0.011963825067924552,0.0207398785598081,0.018912955398430402,0.14927500094440727,0.010166538339295466,0.03611945560092041,0.04490046553166248,0.025599499413283128
17,0.01544362052867774,0.013026855574637218,0.020701886803540133,0.016878281265498975,0.017155691862518387,0.00716381508543699,0.36145336816719226,0.018427595204861487,0.10375469408401257,0.009090587990014774,0.04388382653551252,0.019703996557423897,0.011641162790525156,0.04731493402912844,0.0287329748732418,0.005800577387873375,0.008128716429006842,0.027113273809743068,0.18186046475355155,0.04272367626760274
18,0.02593635750171926,0.02697144695597078,0.02419215786141023,0.039749532172501816,0.036953263102275015,0.023649817066246432,0.3087948616335576,0.014724190658986018,0.06730776494489528,0.01220021371522535,0.1722375724976367,0.03144904383043772,0.019305125965099812,0.028398063715624675,0.022766009155838412,0.01068351338462814,0.03937472013928645,0.01526394538303095,0.02907504847588252,0.05096735183974691
19,0.4146402381851757,0.0248264797701122,0.008507725965662755,0.023733157418181064,0.028927057669068737,0.013012934390700415,0.01394408995138498,0.01606220208093979,0.018373727801216908,0.014921808467601815,0.041789538269324335,0.05977989626275833,0.009253076373152092,0.03359279230212928,0.04597861229061987,0.02428198532308769,0.05629027926155862,0.02212038161303661,0.03423903015383181,0.095724986450457
20,0.04276015015868037,0.01465227011270169,0.015855604637962897,0.012940869077095272,0.026875179640819903,0.010905287939480757,0.023059923287868076,0.044301135713316536,0.020364897259194232,0.08610504237058145,0.04242681949574455,0.016635628768435304,0.0059331976178723005,0.02586104918720577,0.008484292761976911,0.015513491682450559,0.03730430563780285,0.45777250534310104,0.05960679000980638,0.032641559297903334
21,0.013644477365430377,0.026209644397939463,0.0198709053325594,0.06427942957463005,0.01144660289508351,0.004206417883820375,0.08852651188649943,0.014938814886474559,0.04024842736482709,0.1370695186861318,0.03000069372688405,0.01956043811080976,0.2450528209803905,0.03077128549638635,0.04473601434556077,0.052000701615937055,0.08789873153941158,0.026799691369090328,0.02800130792823748,0.01473756461389607
22,0.03934546631693403,0.011067606892182304,0.13694702927334634,0.028872389038069844,0.023339517284580155,0.05138092621431747,0.017863041949169222,0.008746017664382153,0.07644569784321993,0.009125196350591024,0.025428192802673392,0.2953519395210092,0.005950043859309518,0.020396802338149705,0.07297326982972772,0.034772937906161976,0.015026626644096756,0.007552726653196597,0.058804645485644576,0.060609926133238075
23,0.0061891053894967745,0.030629117583978786,0.20320997873021834,0.024847836461455573,0.013758509032462013,0.306223323248644,0.013803889343731212,0.09390566182016373,0.014344997936530688,0.005943763015588893,0.0373560751723316,0.02411906078176965,0.027752841191286143,0.016803247243453133,0.07259669640537242,0.02031506744233642,0.011042359077163343,0.04938046717879832,0.012472787849822729,0.015305215095396216
24,0.029508418812925437,0.01746254187603143,0.012859061313395736,0.09697582453346017,0.0092696510075646,0.002519781765823873,0.039207513466978657,0.1859181190858437,0.03379321022028468,0.03138857298779814,0.02916339192501358,0.005818590649344385,0.013136985204849558,0.06124650938749322,0.014447330893228031,0.005603301320104087,0.1308691619728558,0.020583510828389686,0.009786302860529368,0.2504422198880858
25,0.012637083079379163,0.006337204900820881,0.006577758077799963,0.006455042958349045,0.04133557614858181,0.0069005049596432425,0.024390285881639585,0.20523134875404347,0.21634936718295306,0.06122297932989584,0.1768564182078358,0.03254711897251094,0.016288548970752815,0.04460031619060358,0.005303404675216279,0.01984196689345944,0.028380197037799624,0.021575444938716912,0.025179199488100133,0.041990233351898464
26,0.01605920945511279,0.012100074829526488,0.019736432974929916,0.0491314049742708,0.015208103134898876,0.01281372569771703,0.014899341158023416,0.0645154502001198,0.022938062186081985,0.0148485788697393,0.0482705491834479,0.016532001003142352,0.015393583502380818,0.07707682947065184,0.014835609343064087,0.008284317320683061,0.008490441806456738,0.5262437726131413,0.025657090707083302,0.01696542156952828
27,0.01221343916499246,0.006521136249658757,0.002944048021331651,0.03505978019637484,0.0034091941709825024,0.007445090331907456,0.011035732221201442,0.003307123577340354,0.09239059569530672,0.0010194529930854142,0.041050988070806906,0.0363949148622106,0.002878589590306897,0.09314897222296407,0.0585596685341645,0.02612135167070809,0.4953773727004702,0.013319808135705215,0.009731917395962377,0.04807082419451951
28,0.0292340489133546,0.08965638809620673,0.009022862041365109,0.056787984531146786,0.0316504153222993,0.02195647917576512,0.01000926910429352,0.016779564904286906,0.06041392824460048,0.046058516627397315,0.026590787249763246,0.008817745190068454,0.030796861775403937,0.08424471640974295,0.14714539050830186,0.057220052374481266,0.2324638714370577,0.004203714271020906,0.0245652509098422,0.01238215291360163
29,0.006843341658066257,0.015868059594479966,0.02584817908323009,0.02870061632230827,0.048721476555420855,0.004108618826710872,0.025386780298744072,0.2325510232930884,0.02858684807636177,0.02465557408006577,0.0801559913067815,0.060170033209537274,0.02297491686485164,0.013661139109062751,0.0368323057359233,0.08502185917043026,0.051174244479097054,0.15791532107627002,0.030986010105670918,0.01983766115389899
30,0.08902508915273963,0.013855613869715526,0.02994639705255305,0.07691985875040391,0.028957097360125375,0.030159077209535593,0.08629270639794206,0.008126946780436527,0.06379468883792473,0.05525729227116007,0.05413305164754173,0.04504052411483393,0.0195558734227787,0.03758128740440949,0.010485161673380572,0.025540705458626797,0.2302721803484368,0.02042382471599706,0.046765821534382516,0.027866801997075988
31,0.0071190770083287,0.009929791364912623,0.0512564972386174,0.026943700159737738,0.03126333186523308,0.03582124176799691,0.06301620299283278,0.05164116773849313,0.07590022119684411,0.04128820259511157,0.17199566445269665,0.20840474090815286,0.0047313056722141575,0.01953893637460384,0.016798641272157137,0.010655748769578522,0.07398616428991177,0.00945487869193324,0.031399864843479314,0.05885462079716445
32,0.06670328353619505,0.009575168689778212,0.28126905661211377,0.02331008732102696,0.032661743564425326,0.04768040589407028,0.02895404610629987,0.042890807627037016,0.010023175939554105,0.0432331028204072,0.04747393101175213,0.0470884776763628,0.0371183995266343,0.15370826643654506,0.0484835948169821,0.009549719882436818,0.027269709260710512,0.009831246401947413,0.016613530868178194,0.01656224600754289
33,0.07940111687878958,0.040634598631101686,0.04196292430221028,0.10622883318283018,0.0071620121549822455,0.08521874169792347,0.009366084456391434,0.01652467212588828,0.04936845033596364,0.01295705795947662,0.03709994477579539,0.017701191590128246,0.03081285441253407,0.17170675642558073,0.1507400089125247,0.024605140311919405,0.00517171485739203,0.0737364074363408,0.02742131050773254,0.012180179044494694
34,0.010922743567313258,0.007852739120901037,0.014018266452526944,0.011215449446797152,0.03403830713670103,0.01017706644681598,0.005264216513052113,0.2859285607381633,0.014320467692828168,0.18702428657661785,0.17750478151090818,0.03071280824767617,0.003052487058548377,0.007417628460266155,0.009341774196096045,0.010550377040505949,0.020526397513491803,0.11189424980654493,0.03301806604574889,0.015219326428496738
35,0.18406780323414373,0.006174903789905267,0.13151964010324416,0.2777545293438488,0.007889791210226394,0.017424263763792577,0.006480628724650667,0.035440470613582284,0.09055527048539884,0.0420373788398406,0.018229314276793786,0.01921845117204064,0.010139830309390587,0.03222437661690687,0.0237343242579281,0.016050122729743026,0.00992196545444535,0.02615096213051984,0.01324721390084502,0.0317387590427535
36,0.05807737310253905,0.05568733483089825,0.014535439672905518,0.024524694537850573,0.0296645246982254,0.003032061527695761,0.017225757113700352,0.017584512243219306,0.06049953511890501,0.03333224835980777,0.1463971768768918,0.024248683329094314,0.00560864554719317,0.01415315516277276,0.07551833432995676,0.019692414436542738,0.003978856120296178,0.3141398653607964,0.028971899901947536,0.05312748772876138
37,0.0663526958933151,0.0095063122204595,0.009940314700720742,0.008051552725761317,0.008150168752165754,0.021778129518856645,0.005871194576304961,0.01253027594725763,0.005181403872264012,0.09396639672166957,0.009128214939108191,0.020244118275091264,0.004148666094338142,0.17387200748313494,0.004419829703848006,0.06444298118546439,0.2911732916635473,0.11264588589330055,0.02131214778967221,0.057284412043719785
38,0.01387196215569653,0.0053470780098082895,0.029357177215568776,0.008099329794272105,0.02294241764686359,0.01103831827273702,0.008433746365655168,0.004190020278491723,0.07664458885622487,0.002207733101644907,0.009381083156096304,0.14065399149801747,0.0028024677264156203,0.00674987996001745,0.02260565279315329,0.055082519245849074,0.5100979248470258,0.003053856593112436,0.013665627603678518,0.053774624879671086
39,0.2729344358198755,0.02130703252208095,0.06472026020425324,0.019394162126794817,0.010742207952975516,0.040310197556170664,0.02560238099345476,0.008129104478394447,0.02385099203424993,0.1120544466930054,0.013962881752600095,0.033466411291390406,0.011900313482566894,0.021947231365490063,0.009298260425277096,0.014767075612045003,0.010852629538222448,0.011893762230641187,0.1939405610409358,0.07892565287957577
40,0.017121318201475194,0.021703068713818482,0.023077077535248226,0.04887043890840987,0.012658205319420385,0.07018142442022554,0.1411829055173068,0.0393508261343694,0.02127083666534516,0.06625033649226225,0.04169863491653618,0.043047243791125296,0.00939793612972573,0.01129385155096393,0.005378142647264493,0.015853962012549634,0.18810823197938195,0.08236118691040299,0.033837661702946484,0.107356710451222
41,0.0308822811217303,0.01749384442220708,0.024723171867342613,0.4943174067375715,0.009714110249862887,0.030516047476042293,0.012740536852002738,0.019343244110312786,0.049110688952624285,0.014568215050532287,0.038347054413120064,0.010387718408047121,0.007243586978250066,0.030051774936157717,0.008843008516766674,0.02894148495371828,0.094763600148092,0.036416903825974366,0.019950118820277075,0.02164520215936783
42,0.17975395293422422,0.04146947787161865,0.011652788405237388,0.044448757159513984,0.01173779706252188,0.020478205293383418,0.005729601007322178,0.007214207096394809,0.017301310723051598,0.15035170108094548,0.049666506065167315,0.008392825288239075,0.011466571309082628,0.031486066991106045,0.005321062006522273,0.005155958578911364,0.01800280001279465,0.347697961180304,0.01862300596708692,0.014049443966572142
43,0.23763885081728706,0.017037384319890433,0.24046129577529565,0.010570264033945663,0.031282072990549914,0.01379775973912927,0.008292403694395656,0.03648740279079942,0.06370929661171731,0.006065884469623245,0.013802350010312013,0.010653108681520492,0.0031646815075040023,0.01016406417019548,0.0037929349978105633,0.0040536733607897685,0.009502856293101795,0.23562013559406345,0.034233280365889136,0.00967029977617976
44,0.01732331276055869,0.0064948886263222205,0.017293519731171176,0.07569704783993897,0.19321361568872067,0.006817374938330147,0.027098974767514654,0.04485550673390799,0.020686249946925972,0.017600201536732855,0.01992708742472319,0.004315639420156832,0.004978358488070418,0.18374633900806492,0.014547802350433684,0.014959880568153675,0.13257335319006067,0.09901539754472463,0.040886636420600544,0.0579688130148881
45,0.04678247082721891,0.01280538027012059,0.008990692848100553,0.007604291021507886,0.022001975101145186,0.02569019590590163,0.0612031061871894,0.020546385189499267,0.08121024306039716,0.006239874653964378,0.013794719241464855,0.049448285914543776,0.06076182590186005,0.101142079090146,0.0930586627740766,0.23776273869910264,0.03919297079371082,0.052978565710740035,0.013585591968831386,0.045199944840478866
46,0.031162957640927663,0.15400247150349644,0.11059292751993012,0.05632131382146234,0.0343822673937542,0.031054685693491225,0.01390715771568187,0.021038953535492597,0.014208775176957806,0.010212118064420309,0.049682656623936734,0.036979822082342496,0.0064585659812874795,0.005915963345468622,0.005749707916892,0.1815334920071956,0.04293920279266309,0.0921636120399868,0.0916166055690638,0.010076743575548715
47,0.032160331220367565,0.044402515258780466,0.01727473804961572,0.015192413798505531,0.044316979924679735,0.03064051021698555,0.004952245164494593,0.010001836579570588,0.0104139717866844,0.07088468234387342,0.012139917219652916,0.02487261032275485,0.008302945095001,0.036642797679253464,0.005045903322563532,0.20789594549538346,0.10965345681670588,0.1922806911445968,0.013005159320975358,0.1099203492395552
48,0.01946941972579265,0.01559227740025434,0.06932469034253264,0.043834861324175786,0.1030206830798098,0.043836875297667575,0.056841939788996924,0.029616110002502524,0.08121696423971897,0.028873434926504293,0.02092803793366153,0.006670623092332228,0.03787674074976334,0.012763238264739005,0.043057007373433785,0.15383275101725385,0.15206531699674938,0.029855753568312726,0.02409621615838092,0.02722705871741769
49,0.02409067113956451,0.0364626236311039,0.05955678418899797,0.017238400661025385,0.025352167863588702,0.4497905860269874,0.009711242131971377,0.02017575522249782,0.038158128735629744,0.048072211229059664,0.014446134822960402,0.030296945742036424,0.02870521175531701,0.025767236932342303,0.01986669439511021,0.05074695935951032,0.03640840930836438,0.022205912809100444,0.02469410494580305,0.01825381909902899
50,0.01769264162399776,0.009878986253973628,0.01983813170495217,0.11315887459673775,0.04111376565271944,0.010019264672833058,0.032378620924864404,0.06049619573722158,0.2445942359962465,0.0333443268431448,0.03523062173833462,0.026537759773558302,0.015347735853860954,0.09995238445183002,0.07083246133084471,0.08520691474657367,0.03449050683521798,0.015503673781109782,0.006618241311644303,0.027764656170334648
51,0.004965060227381998,0.2390231346562436,0.013034274761962127,0.012578035506001091,0.010016677393630677,0.0034369207407827056,0.005055166937044455,0.2265687988178349,0.015565782839749213,0.2846386555075404,0.02880776372342844,0.02120056729316314,0.0030564587023898023,0.005601280078306647,0.006639298747379089,0.005305142899523146,0.03196225587691967,0.05632817362069805,0.012672427731216313,0.013544123938804614
52,0.007260884195791445,0.5603402001762927,0.030513066120530726,0.01322495076519314,0.0649833698869832,0.016269474880969637,0.014829004160251047,0.011621326498621805,0.03151013653077046,0.014039493507765493,0.03032895330708285,0.028682475159055486,0.015726755261466475,0.016526886933755782,0.02757556034826984,0.014549248485527931,0.01809544227273444,0.008757424179388436,0.0469535178938717,0.02821182943567745
53,0.02465663952301576,0.011150851837554009,0.3746391494905565,0.07887187360291202,0.015556869061265109,0.07640904511754784,0.013205337523375884,0.01687188106878358,0.011815161932474214,0.010552292798260927,0.017109785246948766,0.04952137566006196,0.0175902487417552,0.036725346099138495,0.07140967252199254,0.061908317947712725,0.006829377728989935,0.030505222299575467,0.055254521418414165,0.01941703037966497
54,0.08518423111185182,0.004099666961806561,0.008524166817210374,0.033000695997673066,0.006987091286323124,0.10102894570796946,0.04063983520251633,0.008731748306140864,0.19254764090082796,0.01651250206228351,0.027209994190983598,0.20113708077076048,0.0015022388135149554,0.06314298395646435,0.009873813634635546,0.13196150298921194,0.032191679937100114,0.018623030142230497,0.005392241372729666,0.011708909837765813
55,0.04794100023457985,0.024852452718530687,0.027587451135167213,0.014273805573742556,0.046209792955988635,0.048174580925392535,0.032880674454251815,0.016795186875201245,0.04693090552924937,0.03342361543928541,0.02079591529160944,0.028665784963694343,0.4689001893377505,0.011522033419786349,0.010474522463196237,0.027437369305564698,0.027816368919268114,0.009749842870140649,0.02611616249112812,0.029452345096472238
56,0.004816468443502231,0.009501763576721646,0.03446399622731345,0.031908195139666244,0.0708357128484485,0.012821069073269777,0.3031553225901199,0.008022561247755005,0.05282561966100225,0.11575687656085885,0.01672717902924805,0.11794834741626894,0.006876701282054872,0.01850189441249234,0.009796230649037304,0.018837219704168247,0.006135157528046151,0.0057040132554057365,0.04607798395104263,0.10928768740357793
57,0.19754136733717007,0.007511850756725819,0.23693169761433985,0.029078531046198473,0.01813820929605758,0.01554118454389841,0.016058416469273532,0.04606626420610613,0.08803327314612805,0.07563179284363927,0.035643288776829575,0.017045492891678886,0.006129237411755411,0.09286365482642177,0.02247184104319996,0.045557773958588864,0.014451784703795257,0.023660418441201626,0.0032570034919236052,0.008386917195067883
58,0.006484244039843907,0.017068260702849253,0.009403853044017706,0.04203854907583828,0.02838625755620712,0.0037088862732812615,0.013665485126598594,0.3735245004876237,0.010261526470746352,0.013884971230549568,0.04107754900099759,0.03678044789091229,0.02247205391717437,0.010521937708052927,0.0047013747942169296,0.025508580306350247,0.03175062503783956,0.28344326426358546,0.017811270670102037,0.007506362403212794
59,0.3440341541640901,0.008380647152663403,0.0301347086531384,0.02946321814509034,0.030414298848307795,0.009330057876788115,0.015429902704347622,0.03296205539611854,0.014109240675285947,0.30566457009449743,0.012987610444555176,0.010303898474536615,0.0266584921748635,0.005790637427585015,0.01140280087746374,0.017559603595234445,0.011347516198139632,0.06367847149347361,0.01206964590551715,0.00827846969830348
60,0.0060573871020799,0.014581506655598602,0.2607442569208245,0.058646308901518965,0.009710173198948352,0.04455932321097982,0.0071059910020716596,0.02791500443145667,0.006758876858606775,0.0023278348150100998,0.032088080844907704,0.2962941478024495,0.0021427805310327832,0.1004873314033362,0.046650353533515904,0.0025563020974224827,0.012889700630498964,0.006339810927397551,0.011652513130015578,0.05049231600232795
61,0.011375551712363513,0.018396160162015767,0.03411909623694708,0.04440715097721421,0.01423882857084815,0.4940270072318593,0.03946525392478038,0.015334216643747163,0.01943238856100037,0.008756104464217053,0.03741186088662425,0.012087546025354466,0.041933461955460966,0.03334467147172777,0.05283949441483399,0.006796079009441387,0.011354298040847777,0.007753969280484413,0.08445255163484305,0.01247430879538893
62,0.012385865667418164,0.031672722475364325,0.043319161950737005,0.04303714590122315,0.02011259042755769,0.09158578716061487,0.017946422440438557,0.010095465445673902,0.27551818450453197,0.07931902925081527,0.038812577910196884,0.052449565344526834,0.005601741356804717,0.03066165335413853,0.09899816940947824,0.013585877958424615,0.011394888734980336,0.08324032359859729,0.01866373456793249,0.02159909254054513
63,0.007064449502066145,0.00570185572481015,0.009417627382532578,0.009513608745025864,0.004781452898893348,0.6000129842344437,0.03926770069641184,0.00447970907273271,0.012792077576770032,0.0026045418970860805,0.009975181513734142,0.12187657502738175,0.1003300584666494,0.0054077463095542596,0.006251773064601503,0.00946057124901977,0.011691448758850007,0.0023594097111035123,0.02733088553264789,0.009680342635685223
64,0.015676662383045662,0.5046067124342953,0.022531693468429755,0.018282931899024718,0.05676164724771015,0.02334019365248764,0.026103945435355432,0.02111506806410339,0.018584857340746462,0.048966451351362614,0.02013087972635756,0.024043129718522363,0.008944158310797852,0.018315258050954582,0.030513532090328206,0.01718469876765041,0.03436553156102276,0.011131353118400043,0.060044726665242035,0.019356568714163042
65,0.059076074513473416,0.02873605672712644,0.02736179520452945,0.015134102158583653,0.029594789669656205,0.013233004486066546,0.038654293383102216,0.03244775570127428,0.05219861540514445,0.01859723175615886,0.04475117991263377,0.06351508752034121,0.022539008682123576,0.014038297498737815,0.02083690021387676,0.05547047123512075,0.39669812717848063,0.013438350231528177,0.028366760995473913,0.025312097526567923
66,0.006117662491043547,0.00951136834513877,0.010187026579783818,0.009437377156099677,0.012441072584458859,0.004764609404914418,0.005317859277551768,0.015092059750543863,0.009856561700904862,0.3119545878255017,0.02853371827155868,0.01903833031851183,0.02097375458531716,0.018701972259853504,0.005088358939597135,0.050473033079164016,0.0061073636042979895,0.40155868913158094,0.042032134219848125,0.01281246047432926
67,0.004966858466978385,0.07631369423704265,0.011039360679144955,0.01135647053548814,0.01823412974877156,0.005921732106145864,0.007440146027419102,0.3640189839998541,0.0574703883812005,0.08175441856496259,0.10242945202955693,0.00956597649393636,0.017105423577029256,0.010668293679097659,0.038060341337896236,0.02085632038673936,0.013770644737790598,0.12410209463058924,0.013691913228443929,0.01123335715191253
68,0.007631993911152923,0.011634208457062272,0.4091044050017863,0.06344607758218583,0.021424540407514844,0.043123399669097236,0.08912155446399361,0.008350706016033533,0.030807798693907706,0.00417551336037822,0.019098568750702826,0.07265517167373713,0.00876695891116488,0.01217255608992342,0.00961575144160655,0.034861726778583804,0.003943392215081985,0.06329263047442406,0.02744974903921121,0.05932329706245161
69,0.39015486390034,0.04895209775178553,0.04441452849208576,0.008795354158262459,0.013053700611474636,0.011842848879699743,0.014015960248926308,0.00876679992835444,0.008156864352962137,0.03557425237949722,0.017689993717605653,0.019376296486712404,0.009011309126806666,0.006447423738271593,0.009087980897113698,0.23441152022694894,0.06697254764762724,0.031219248770467868,0.011365426111272784,0.010690982573784822
70,0.03215786317641997,0.01570017334945267,0.01705303892533053,0.017959738825509844,0.012272398756032723,0.009225825682016894,0.015108438609594628,0.07031519786854935,0.013598050356195105,0.5181458609794996,0.02694704350751952,0.009471727150038632,0.020695467487760414,0.027318480554308213,0.0414813570122639,0.03375993295362627,0.006150094238946688,0.053101540384000966,0.030038387712056417,0.02949938247087766
71,0.01638962828690391,0.01693531181147221,0.01737151805457198,0.043353599748935344,0.03761402309790962,0.0077573060062535015,0.02123691772458485,0.03429060433557998,0.01175576206957131,0.534338333361683,0.0472505707940548,0.01794920840874912,0.009961729191153136,0.014768571364193432,0.008096638514327358,0.0720991171332047,0.00796680201669117,0.02737613204716676,0.038494177388938365,0.014994048644055576
72,0.06146289205407739,0.01234190255474958,0.02039196489870796,0.04181688976727412,0.0230835172440594,0.607157469083703,0.025595858390639648,0.012998093769846958,0.02801534343770368,0.005997276557106966,0.02633489866269865,0.013418357502772777,0.005262615575822607,0.015182083889016866,0.01465413130882044,0.006119420724328763,0.007550290068340988,0.03317857747342779,0.0260828182777712,0.013355598759131195
73,0.08769524343248347,0.015711336671826292,0.5372069112413774,0.02492306277219526,0.013158613075897763,0.02496923165493189,0.02825147614035917,0.050025532650501234,0.02939538703147293,0.010397953786230357,0.022402250760600914,0.01264332319821095,0.017445682950186243,0.01314513267840573,0.005320439806069914,0.022647960298686282,0.019414089603268576,0.015805126090352558,0.019517246037726716,0.029924000119216494
74,0.004668272915507349,0.02291297052204269,0.03676332556419908,0.029156324202177362,0.013980897534985751,0.009898491575798227,0.01548859891111681,0.03424627991374999,0.010819767640448102,0.010360239175023002,0.01838629377870286,0.3102663427533901,0.34352461777166315,0.008643036449841,0.0077492449617735095,0.04334011356054663,0.022362569916928657,0.013911732843736284,0.031980536525046635,0.011540343483322842
75,0.023043512999300485,0.01027730815071242,0.02785627809266361,0.03194443680126778,0.020853023860153985,0.15599631110683748,0.10265345968968488,0.005947551067602959,0.04309693829891157,0.013924619858443423,0.13593474995826102,0.09407532137321012,0.008227104400862549,0.2361354562046759,0.013067608637993687,0.04068551582497723,0.0036855156051329844,0.0045872395661036534,0.009158306203692191,0.01884974229951204
76,0.014272365528585794,0.5208859814221023,0.02274767279088469,0.059951969620270815,0.030360911138393832,0.017687590828426768,0.029016156068225062,0.024750240862914576,0.023285790074498342,0.006658912558181086,0.03092843794160338,0.010543829761235038,0.00925646971717882,0.026128874531739902,0.04160765656254456,0.020871567984013142,0.01673443574186697,0.008678259365256541,0.04015077447174916,0.04548210303032923
77,0.012049752593113607,0.014168237109193956,0.5250582599542677,0.1046165488806931,0.013932545616275957,0.027716455878906417,0.02457302735155631,0.014652100613616076,0.015038308649651748,0.008395883700960486,0.03598628743286585,0.05123176472416808,0.008629520901775939,0.017288339905052557,0.013393457483907118,0.006862950751492711,0.026310545062079017,0.033630159474709063,0.02477446970319349,0.02169138421252087
78,0.012649839455267669,0.0109312062925729,0.19391311419147572,0.3811224543979465,0.008094739030452467,0.01872018536638381,0.00710758955648853,0.010526759401018949,0.008475390740278768,0.0025731107032432197,0.12248214227336385,0.040968534600804914,0.016616203994119415,0.010885426743643551,0.01349829448591342,0.006635637542202841,0.10069831564100493,0.0113088019071832,0.009312444491200032,0.013479809185435232
79,0.0036272960848152853,0.007838262131583866,0.0066205754448824036,0.0042531395698127755,0.3290180016233161,0.0067966243376583685,0.008558568470364713,0.05136182072232935,0.007906542910305514,0.34706970959807354,0.03887373142237314,0.018866617696226873,0.005294322535696111,0.012760051230378459,0.07090945508890505,0.018871594937420258,0.004684114226717338,0.008818820534768727,0.020358510840186216,0.02751224059418596
80,0.16207486616769873,0.009135327414149987,0.007309652559222451,0.04392771273859191,0.02563347043255327,0.01620349433492916,0.016498192725642975,0.009567537504123378,0.025963428516280838,0.02045825203040238,0.028667644883441225,0.028347279218568982,0.030204678889170555,0.37148953839729176,0.04192128885308087,0.035801482882612534,0.03431667247897835,0.03042533593587426,0.043220090131317015,0.018834053906069338
81,0.02736068421844881,0.006854461385507884,0.2011824720737909,0.006341651752803862,0.0123234274136653,0.19456459251906896,0.014433753444277513,0.00928343548584585,0.035144811601737026,0.008266050550167273,0.009725410314439796,0.23767774132557784,0.005625453438275326,0.007724452805874403,0.11971810739338375,0.014092325946322813,0.054056860227581764,0.008557443284182942,0.0157732552271056,0.011293609591942406
