site,A,C,D,E,F,G,H,I,K,L,M,N,P,Q,R,S,T,V,W,Y
-16,0.008755966751720716,0.11550660838370744,0.04968409666177858,0.17416959576895225,0.04025578980597739,0.05067776789984517,0.012235707563871968,0.05008847562587622,0.09482060639845948,0.014407505757732095,0.023590671959830205,0.1279120092091559,0.0001523726479530271,0.027205580650638165,0.04841648218287599,0.01979360327898145,0.03939368219211876,0.012489931739389608,0.045970266678147846,0.04447327884298766
-15,0.00261706371704009,0.01948993958483721,0.03996456594463665,0.02714968203291361,0.014400978382709888,0.06857738188375098,0.01697335474137989,0.039804488348874054,0.5098464187428247,0.02087360696702415,0.015241620071566713,0.017176789547008908,0.0014954470354432122,0.07857521945834339,0.043318218353165926,0.011953575248451878,0.020128098785723247,0.01785847549482595,0.011535270051411717,0.02301980560806794
-14,0.16369470237529496,0.01139183051063114,0.005079740623016171,0.26239817980642965,0.03724569630858047,0.008649675964936626,0.019181583614489784,0.021294576770938847,0.03552475142974536,0.02823418661922753,0.017967021903295594,0.010201016783169625,0.024553928315222306,0.06227827071134417,0.020113447157215712,0.03332159434102234,0.21893100492346806,0.0020428194747974414,0.009406147182294806,0.008489825184879547
-13,0.016585246038788838,0.02802292362624595,0.004180419889353451,0.04765986135763677,0.01692428324432716,0.12915139150137647,0.09968804345777463,0.2158997580948567,0.009988382565951637,0.0594528677539026,0.03848187178521868,0.046261547079925976,0.0035772914881127445,0.018574714856676264,0.0018925258352076927,0.0421689458777219,0.004987909885385926,0.035454296493844184,0.011540841114482921,0.16950687805320963
-12,0.010517838761319198,0.03147068795786979,0.03394271434979894,0.010270029532393735,0.16935022650208673,0.24436958511740742,0.009773868496140418,0.1366034440462762,0.008933848955192922,0.005905126034083712,0.00940647210159593,0.008227067151866243,0.0009718258125149258,0.20594745780968843,0.001190194142489534,0.011771727755268333,0.010633100850213063,0.01003402422751275,0.07447699229157483,0.006203768104707067
-11,0.678419015408103,0.010350887730995744,0.054966503792486104,0.005565671368840789,0.008312658388811988,0.009227141908945437,0.0051079998039540555,0.027416043202030164,0.009149203767765058,0.002455260700414931,0.027906532262255385,0.015269497254659077,0.003188987088583473,0.00410379023808366,0.007653170894656646,0.042545878479919044,0.030513229951259106,0.03603841798823182,0.013351192753957845,0.008458917016046747
-10,0.009819920616322085,0.014356464414179442,0.11742975633264746,0.0641367394530866,0.04675817041447092,0.03242304243116545,0.08191281567602483,0.07324574109913069,0.004813616827470557,0.16782881198743044,0.04096302941885398,0.18429337789417136,0.03226905325034467,0.01175877235730256,0.001685880388413071,0.046486188165027524,0.006702392522366293,0.011255972990999865,0.03626807910482166,0.015592174655770669
-9,0.01792600241274618,0.05750143922231544,0.005342264115908133,0.020691037704364177,0.025268199303640913,0.04984286602641641,0.11643317263845954,0.010583832081342592,0.004500561709959132,0.010555371667349236,0.012336768914844209,0.17510753143893668,0.0013227984829026972,0.02121054508213657,0.00576019209107794,0.31653359840984513,0.0277689591576948,0.0031893239901087237,0.0236693072907192,0.09445622825923244
-8,0.009987544182326257,0.035939934957727813,0.30251166166330506,0.018235192528343616,0.08601057952016561,0.005886910709465102,0.02569628205397846,0.004870377174705476,0.007355190804586034,0.008680802648018066,0.02723142358348252,0.03198941239865896,0.3366195864984533,0.0005002895556720503,0.00657003103752101,0.004720366884293122,0.02690450879559751,0.018227362865149248,0.003954203457353847,0.03810833868119682
-7,0.0699678097928834,0.008241440127604879,0.001587434639316261,0.10494794269758213,0.012632793342785005,0.01556155013931764,0.029491603368296475,0.056564296464715114,0.004329431968862833,0.014292079567265074,0.04143017313787318,0.016926699603755608,0.018557215230872212,0.012235959727658726,0.027718851380367646,0.0026313392044875067,0.4759303263178896,0.05619316180230256,0.006500181929615523,0.024259709556548603
-6,0.006094780021673812,0.006537289341173806,0.009544915593580427,0.2614978687446215,0.002361141353625332,0.003204259868770325,0.04789410089151728,0.014353916962446499,0.23681886200566024,0.0453586928260066,0.028679910000093907,0.023044692872588552,0.22686950179015294,0.0036793161040325102,0.044579692209555745,0.0019054044995347591,0.005675939076065987,0.008429600123207148,0.007884096383069193,0.015586019332623343
-5,0.0271415568974371,0.14172757066609046,0.06738555383656866,0.03345130956011024,0.02766095008393436,0.034403719577964315,0.04679310543702099,0.024342956335578942,0.021337785861311864,0.004811332031141577,0.03822594958147604,0.1436661394338129,0.011117693015116854,0.023720824192470888,0.16973560017267905,0.07299854273301774,0.027982736189958064,0.010707077031810298,0.035079560154490215,0.03771003720800939
-4,0.0024036148533784422,0.018733793528635138,0.03934827264196115,0.03554397910767336,0.44316359660506743,0.018230499555046093,0.015309565567608232,0.024491337411976222,0.029790630037377037,0.06962901125518994,0.055375761682920834,0.03663194755843754,0.016977003150721662,0.04053771979796378,0.01791735194282105,0.0016971064310714412,0.026119468401352732,0.02309194762876592,0.047876573235417885,0.037130819606614206
-3,0.004961140094960044,0.14360337014906974,0.003787086411966801,0.007833407808711567,0.03299878649190243,0.047859414634861076,0.10542581058386538,0.04670585754006201,0.019197139416033612,0.23747196493251105,0.02921410803411061,0.010239869137882862,0.0005120458060922455,0.004094410347086184,0.016402743808134643,0.01790297528403971,0.034837578807023685,0.22871544117465184,0.005320366252249643,0.0029164832847848347
-2,0.0032276337979601716,0.6153765232025297,0.0036871425560311946,0.00255851813599722,0.025249122439952525,0.0075648006757285825,0.011850545919145956,0.2355833753348736,0.003517418640261238,0.011186143804230242,0.016296171541447326,0.0033187402621068307,0.020471316058661718,0.004311313446303323,0.009012044128988466,0.0037547968308296953,0.002384188978639354,0.008227938389242146,0.0018955443050505422,0.010526721552020328
-1,0.13748879915293327,0.01496932581036598,0.043204265382190195,0.004436186770941075,0.028631861916034455,0.11309700749742217,0.010150817342244645,0.002932498945820923,0.010586161130212495,0.004551208328934174,0.017359713046162014,0.012820163525160692,0.01875946630995954,0.004174815926095385,0.0008890782491220742,0.5055188519997653,0.044204641539988196,0.005150273637412902,0.017739280336970288,0.003335583152264298
1,0.011487027246188327,0.0019278415501312112,0.004994672766541663,0.009563223690642941,0.8520776451462743,0.03288546567016459,0.004418761508613803,0.004181896951828832,0.004420326737724297,0.0015908388789664643,0.017868548588471617,0.0008906674808166529,0.00020726206292795118,0.017398338979055735,0.004600389770338672,0.004116296771102529,0.01811060499079155,0.002291558093517275,0.005314440022978025,0.0016541930929236024
2,0.057001161092779785,0.05027866222974017,0.0161044318399064,0.009990038831558435,0.008806458400889415,0.05195151451466079,0.16714771684700636,0.0014859859425547543,0.10865481960809406,0.0443343233271788,0.018509484674916973,0.1893028250443163,0.02466140034077442,0.17569247842948876,0.008891682381965707,0.019847029088900636,0.01677364606861619,0.0007758410305122618,0.0082809546600093,0.021509545646130508
3,0.0464000837192866,0.0016669249349446306,0.03621509448196126,0.023696312839724464,0.03085076499369851,0.007176498070708851,0.09283781070732751,0.28745458194869256,0.021375297913246712,0.12298462414136278,0.044618922592441844,0.0034566668423305566,0.055732784221923376,0.021965284318123505,0.0006881501400959018,0.0070880755303942425,0.04416751313917703,0.07109578272726684,0.04815928919871099,0.03236953753858172
4,0.007461939842227646,0.0017141538954945055,0.02152213823523961,0.093730154255075,0.054456902012819386,0.017105861560257323,0.08940006620575637,0.012548348759572992,0.004387041465988831,0.018762973432221847,0.01080158872611133,0.39520337011907014,0.10906263496601824,0.014637662888740681,0.01984039166718634,0.024130161951388025,0.018731205075905567,0.028399648058429386,0.054840737489315144,0.003263019393181491
5,0.01932461564495642,0.5459055383988103,0.013130158732775982,0.03419444400034539,0.03965389573552787,0.07572347440926852,0.0074723428651259,0.01868297708794251,0.0015058760211813188,0.020025962611253303,0.05619590214387957,0.0023903934489445423,0.026969867854169386,0.01693717174983211,0.011554385118927004,0.012581341228557528,0.014852098024304749,0.04315556725400545,0.02517848604663014,0.014565501623561952
6,0.009816427953379135,0.030903292195460536,0.03480406615354888,0.014027211057934882,0.012208340667891114,0.04920942249764088,0.06054931115024217,0.04383820757489743,0.009320774786978294,0.21130959574004057,0.002877502289812462,0.11741353211200463,0.05046653223985237,0.008170216370507334,0.019530797375970327,0.012050357500155604,0.039906967281059726,0.15554474141179916,0.07680732514913126,0.041245378491693324
7,0.06931426099433746,0.003763390661697144,0.23107531128114697,0.031491534806110305,0.01429221110574273,0.05656230654739362,0.11093853838388916,0.012258481198790095,0.022088842679241952,0.038008574132001774,0.018986654343052092,0.07359117002544267,0.06113799701901285,0.02715124328900706,0.005251963435258818,0.15855712972210528,0.00610210329393809,0.0016290214934303433,0.012057225127240091,0.04574204046116139
8,0.005549460777144376,0.0011970015420815028,0.034429357861649655,0.03162823945582089,0.02595203227400599,0.20801360795584806,0.008421828326009535,0.16452487021681791,0.013858599736652625,0.05665141067350738,0.017922918443669146,0.09308218057879883,0.20084514990911917,0.0018590948682777272,0.020021839582631765,0.012983355325136217,0.028297128762130763,0.02705235778911909,0.02139393617503248,0.02631562974654702
9,0.32000653351922403,0.022458730722097857,0.01332704581476556,0.01998384638807004,0.0547670155927011,0.04255814773712233,0.010357175233279397,0.036213955744185726,0.0063200250693058735,0.02004230508037226,0.03738836698290622,0.02185754840125613,0.010365174541686815,0.03409691845376555,0.08098321946592156,0.2153442047058273,0.015527685425349484,0.0021130871479115958,0.010407021120899543,0.025881992853351597
10,0.04145128519338961,0.11238284872608412,0.042374521225037674,0.024975760747957574,0.005284440427218315,0.029476608635862055,0.041917767869114914,0.15076497450344187,0.0304296571019917,0.25570182233402233,0.010882815376700493,0.03621017964544897,0.007199077270215949,0.04444093036427329,0.019550905184931255,0.0022575913390646667,0.06429520775781226,0.04380335475200274,0.025475232839902242,0.011125018705528077
11,0.2932540334609552,0.014318849629485703,0.016110323441951888,0.03730982887802833,0.022441109237672334,0.022318293903554845,0.021154988970198265,0.02757927961993257,0.01416414882928449,0.0071059537944278646,0.024575828405633052,0.021263772706440722,0.09353942820389059,0.029354945261773745,0.024168558803816926,0.012088934263746897,0.19579046094013075,0.04268817720506544,0.050702494160205364,0.030070590283805054
12,0.027390435104407758,0.022467279964623877,0.013199961150595003,0.02402661128894765,0.04400438685925544,0.027594801077431345,0.0372756672002313,0.05682044637099446,0.010836549476379489,0.03165153128668664,0.061642316639064096,0.017061392849718766,0.012778266633637028,0.05004006385297222,0.02864764072307767,0.0025980946407114986,0.13525649334221532,0.03597171915975749,0.017421642203726398,0.3433147001755666
13,0.006997516798456133,0.04549671160946373,0.011911057150159056,0.012642920707789147,0.018027208034952842,0.010359169934064227,0.2286019765307503,0.0407125142533915,0.015783992974012454,0.34545048565888187,0.03305399388168062,0.03367847743059126,0.0529038305042605,0.0357306967561308,0.010474098442026715,0.014896523246912088,0.010047811971646838,0.010639764114367425,0.03892152711836342,0.023669722882099294
14,0.007364612460485731,0.4495828696345514,0.003477279006314857,0.005703405897471996,0.00653197824626237,0.004114657636714527,0.00339454691923167,0.004158516661594023,0.1322879698550971,0.002468253653489478,0.019433796076805836,0.007697488243334925,0.0032701898384378814,0.013289390751927577,0.020262280428840793,0.006111057974154229,0.008263112288867497,0.14523642331450404,0.14993712646524401,0.007415044646670105
15,0.010643087369195229,0.018789620938615265,0.021533550013421963,0.030670201551727734,0.01460727882451563,0.003244600499157925,0.0393074302882667,0.023821187283368822,0.009972505075625785,0.5032885838231292,0.03742453312799696,0.006101491055901778,0.010812371385996132,0.013161295657902557,0.008234111744454953,0.006244234033155576,0.004928118066982629,0.16779859246050063,0.04816006382086797,0.02125714297921646
16,0.030857519217130192,0.01168533986799265,0.008009541630754447,0.02373566663164296,0.010860706631374523,0.5809618113944658,0.0177721999952663,0.006698744831390071,0.014347384968238324,0.005248505123965352,0.024493928606216128,0.011105554737178404,0.005375697698034793,0.011172015196440848,0.009882892623697272,0.15412210167540408,0.004329463180740609,0.0233607028024077,0.031199581418060143,0.01478064176959957
17,0.007550161042141486,0.006021211677177706,0.011147205380507785,0.008496736323040053,0.008682922896682864,0.0027188504823523027,0.4996003891089071,0.009549152286916676,0.09503949291057799,0.0037319203634782103,0.03027032186295415,0.010438497333165424,0.005184900942345666,0.033457048703584624,0.017237183625381847,0.0020534964926535977,0.003216268051142113,0.01595737494130039,0.20043591892640544,0.02921094664928485
18,0.016383058992715912,0.017258077127939093,0.014934629796518077,0.028902740851317197,0.026231152823463767,0.014491115961005677,0.44132568254759996,0.007717361184560205,0.05821963577847407,0.0060101585658461154,0.20306820375508222,0.02116815374404213,0.011063387014031794,0.018482277476618052,0.013775538410088346,0.005037653815063965,0.02854093594900726,0.008095768571281522,0.019070403650895223,0.04022406398444942
19,0.6045897999462058,0.014310254410433224,0.0034453571376353966,0.013478460553002256,0.017535587355202775,0.006062239397498154,0.006645716968779819,0.008020490854687387,0.009590493583364699,0.007272346472059625,0.02859870768559146,0.046034917117342276,0.003852382323146685,0.02139286449991566,0.03247210775287767,0.013894462553455146,0.04249668933273464,0.012274475312938467,0.021941791989397327,0.08609085475373185
20,0.02815070574246332,0.00677692626892344,0.007526787829398118,0.005745271547552607,0.015181653561514156,0.004575979533900615,0.012385321966889414,0.029507553094123253,0.010498800363499358,0.07139744393354289,0.02785930086016989,0.008023077464289912,0.00203703556848134,0.014424716767012402,0.003277372673815464,0.007311622412176285,0.02347839872353834,0.658400684359335,0.04378214897255887,0.019659198356815403
21,0.007378950002577103,0.017577224040700216,0.012163847243905266,0.05794135002074469,0.0058421137334402585,0.0015434568141178594,0.0886765849545194,0.008323918027684006,0.03109167494908832,0.1585851547908276,0.021035842218989544,0.011911803380768155,0.3433627678786712,0.021757295221965265,0.035783702044227914,0.04370983176088894,0.08784143313634617,0.01810531286709408,0.01919258727394816,0.008175149639495751
22,0.02880856974696399,0.005334663328608821,0.151260773239236,0.01908989334215995,0.014386589579717132,0.04108047251089052,0.010081829400872409,0.003900867128107662,0.06967301058871113,0.004127325513905469,0.016123209764236122,0.4202810475218589,0.0023373680936171876,0.012026379377647878,0.06549684103680763,0.02444458364330878,0.008011101099352061,0.003209630021090038,0.04915465535120116,0.051171189711707185
23,0.0023320532755791577,0.019551284148559604,0.24203559648721715,0.014804162612714389,0.006745978414716596,0.41752006443341433,0.006775579504604016,0.08671943920290134,0.007130992256279331,0.0022099460154199127,0.025458040239368807,0.014229647446723209,0.017148699004335716,0.008800064922369705,0.061588152176894645,0.011326107945774197,0.005035616412718348,0.036895048475233394,0.005920962190867294,0.0077725648343088104
24,0.01919524974299981,0.009555488434892751,0.006361323270711483,0.09337635402193208,0.004116669817632967,0.0007284063773934047,0.028009230084912105,0.2218542654246942,0.022987251635441755,0.02083828308400328,0.018897403835285494,0.0022163290864205777,0.0065447792137616105,0.05068349012059877,0.0074267355722216185,0.002107963633433217,0.13909770227371368,0.011890617740542469,0.004424516576451698,0.32968794005295704
25,0.006225347260489413,0.0024866129891219814,0.0026128940928447377,0.0025482796303078832,0.030094959783794815,0.0027847234223440645,0.014923341861532397,0.253401676159931,0.2718152836850926,0.05073596989289786,0.20791459240619323,0.021900950174525265,0.008724410385493112,0.03329584915931728,0.0019623236969500686,0.011341969250636769,0.018253820187678658,0.012678089403238519,0.01556855336541748,0.030730353192192816
26,0.0070714153232363745,0.004853408094493738,0.009301808641853898,0.03127672259879782,0.006577513900646162,0.00523766598873257,0.006400552307093868,0.04492856165948376,0.011359948601691908,0.006371573649696811,0.03055017791067118,0.007349560329907442,0.0066843911379992575,0.05691803191627377,0.006364174970232333,0.00293279034055351,0.0030302112633217053,0.7320001287631723,0.01318450335560101,0.0076068592465405975
27,0.004931085070037469,0.0021409117974902393,0.0007436581019502071,0.020038940796125344,0.0009038156343575996,0.0025533749320305887,0.004309132204434816,0.0008680145135410088,0.07267880340306132,0.00018154128591456786,0.024715738870496443,0.021059918030618054,0.0007217541536852352,0.07347309827858432,0.039637135359323915,0.013549711275766452,0.6778257978117541,0.005533709479398611,0.0036457625328156144,0.03048809646861381
28,0.020312786564417783,0.09013431190451969,0.00425533758550157,0.04911244616242629,0.022575066290868823,0.01388230456128207,0.0048847748667456455,0.009709228252225642,0.053325243172479296,0.03717631673849987,0.017907909633731015,0.004127198025980878,0.021769196746515337,0.08297339471435843,0.17417288640381384,0.04960990963428189,0.3199313315733933,0.0015412779035936255,0.01611730179022757,0.006481777475137412
29,0.002958027720638345,0.009050176371153481,0.01731465298389214,0.019900338287409117,0.040220575739165626,0.0015010424271940399,0.016904914873447786,0.32136473636956775,0.019795520008239736,0.016260603201680688,0.07797133354354405,0.053250282449175006,0.0148036442504468,0.007416209973143297,0.027727422100849348,0.08432693599086548,0.04293491603613144,0.1920858666180506,0.022034497275765525,0.012178303779639665
30,0.09332861422907895,0.007867278004368738,0.021921822849487595,0.0768454155730176,0.020964183750398713,0.02212907407771901,0.08953933224555014,0.0038703604383014557,0.0599211676921813,0.04950147108015254,0.04816686487932963,0.03771945056166364,0.012439575169842922,0.029649282053131838,0.0054309015973919095,0.017741228432047736,0.33021116385040566,0.013178991576942712,0.039652606828542096,0.01992121511044586
31,0.003137124469362264,0.0048829821284606875,0.043296929668190175,0.018412064772328873,0.02243713349883709,0.02688782378596739,0.05698090054830674,0.043729507058094856,0.0729711504936416,0.03247688235613421,0.21653832412395005,0.27951990680837585,0.0018222108771985604,0.012010033719359804,0.009823922196493652,0.005363275615836176,0.0705346042800344,0.004574936535429179,0.02256751400406036,0.05203277305993801
32,0.05938485036373573,0.00449569190092347,0.4024026524406853,0.01467446253997838,0.02297983828689733,0.0380019556801662,0.0195779535228304,0.03301225953707342,0.0047775094645325835,0.03336302149225132,0.03778330357518476,0.03737595637505494,0.027240040659924775,0.18019097625419475,0.03885547647786389,0.004479811628404346,0.01807834545881454,0.004656257131092509,0.0093540054914545,0.00931563171893689
33,0.07910790492975794,0.03246308433767521,0.033881638695904256,0.11649468808046491,0.003228744535443608,0.08690621460826214,0.004612816534302882,0.009813397904804547,0.04205471340917257,0.007101912418222689,0.028763332225442577,0.010753132404347844,0.022470672199489648,0.22059404052956172,0.18552029866317477,0.016661078907130693,0.0020942251058278056,0.07169343831479351,0.019243260000096452,0.006541406196124169
34,0.004777546910031592,0.0030807391628025686,0.006657130761592887,0.0049485240635406815,0.021655014575582845,0.0043488375244521635,0.0018101514658583069,0.36687797637198777,0.006848623720389059,0.2086371675516683,0.1946368639810158,0.018888287989370218,0.0008770375849450997,0.0028558703315437893,0.003880788089620881,0.00456221487445804,0.011053461769351973,0.1053814585443415,0.020796280365117457,0.007426024362329145
35,0.21584414513644284,0.002364849069645445,0.1380483718049266,0.37301214825018325,0.0032758425250915373,0.009393641361589355,0.002521786418288604,0.024144532210497477,0.08404831425792578,0.030296498808501104,0.009975067854099682,0.010701096425799346,0.004573054573442523,0.021275765315439465,0.014167726066054466,0.008421665551094477,0.004442874192133556,0.016117286823545435,0.006524815947024192,0.02085051740827469
36,0.04734496362131779,0.04477208640745645,0.007505792923665179,0.015047205446371099,0.019378859470715964,0.0009339648182911743,0.009407126531256887,0.009668516502044727,0.049988277096490896,0.02262787010973835,0.16186555969102545,0.01482245456201532,0.002115929834538102,0.007244463647990385,0.06712928518085093,0.011239214054377295,0.0013404596598206352,0.44673186579931584,0.018779570416929105,0.04205653422578838
37,0.054414183314992266,0.004108738438556404,0.004360009557573583,0.003294572344940148,0.00334833381574095,0.012370481383886979,0.002164891235110558,0.005931925673492406,0.001833433058927354,0.08642468874090026,0.003892890152270849,0.011225571550240461,0.0013642813934639543,0.19588035172815663,0.0014841058070122056,0.0523417796517132,0.38879807690926066,0.1099857857586376,0.01201979084271978,0.04475610864240374
38,0.0056644499017758,0.0015946394320124778,0.015348074114824027,0.0027697341443847644,0.011058178733814641,0.004180343115345779,0.0029228169392415387,0.0011530659733029645,0.05497940882338738,0.0004918793690337518,0.0033672368664706227,0.12324926992954661,0.0006754611339869919,0.002173671126261704,0.010842877477070025,0.035435707028228645,0.6834619306112465,0.0007571923651507588,0.005552698478620263,0.034321364436294716
39,0.3676443999694685,0.012382710172216252,0.05424817930900727,0.010926919253150515,0.004981322241520197,0.02890543848818204,0.01580751210069809,0.003438680258185303,0.014386184000381457,0.11255223444342433,0.007059353050381652,0.022570322744108338,0.005707769559410663,0.01287983974274788,0.004111380512380941,0.0076050269471234855,0.0050495198792037356,0.00570359198952741,0.23341275087162694,0.07062686446725493
40,0.010301294550919807,0.014119598596162606,0.01532039064260733,0.04154801609583435,0.006894309925255246,0.06722582413548865,0.17027799737702248,0.03114886548376102,0.013746936964935254,0.062265869606298624,0.03364390042580597,0.035098333426788135,0.004639988758244012,0.00592426051364158,0.0022090949737985496,0.009300000682853473,0.24938170219413608,0.08316603103266049,0.02548474658692122,0.11830283802686499
41,0.017525477846834284,0.008231616404352412,0.013038292425903543,0.6997431662139221,0.003765202030352716,0.017249675728139586,0.0054000571384756535,0.009408395505861162,0.03247476195003428,0.006453682157291621,0.0233714247296814,0.004116264817686074,0.0025487533317968855,0.016901609122038967,0.0033230387943258646,0.01607642619714484,0.0778232748236425,0.02182041113915208,0.009802889636131054,0.010925580007232994
42,0.19461465484497387,0.0276864879277173,0.005119700653590387,0.03036204521300493,0.005169420488943622,0.010834789353695052,0.0019921055836378283,0.0027062053523828076,0.008659133234003908,0.15347442096757513,0.035190423245869136,0.0033093558611173657,0.005011204191355239,0.01919687874233749,0.0018054962024593552,0.0017313920023871512,0.009129042594727249,0.4678924530126582,0.009549567999492711,0.006565222528071261
43,0.2788465835389503,0.008386572042704309,0.28325874337107515,0.004445590616084545,0.01881325778348921,0.006335748031816706,0.003219432219678166,0.023085875502696755,0.04843913732288476,0.002124387539708908,0.006338550768374086,0.004491977857604942,0.0008943922094340597,0.004219891086520735,0.0011378821336303039,0.0012430487240166412,0.003858854880417508,0.2757014136250999,0.021209137073594255,0.003949523672218689
44,0.009851033275241403,0.0026728872618147835,0.009828513028558953,0.06999075126568967,0.24330176796896866,0.002850777559999175,0.017859036828413572,0.03490315770050396,0.012471849739777564,0.010060939598489782,0.011866985601736333,0.0015521582783333565,0.001876841511998894,0.2275799638740231,0.007810003296604606,0.008105514844974366,0.14744919731458742,0.10002467502586627,0.03085800726481672,0.049085938759601495
45,0.0386275591433451,0.006898058341629459,0.0043101918444036925,0.0034497428117095676,0.014167130974622322,0.017408992958614318,0.05521438017252464,0.012934719176673316,0.08042302823307403,0.002652126814344216,0.007615545514508669,0.04158138164124009,0.054685683180015404,0.10767680770423392,0.09638794345579361,0.33550320539687956,0.03052685035232478,0.04557429345025588,0.007462422862657254,0.03689993597115021
46,0.022398599367339525,0.18742888482633543,0.12067999408574648,0.04920181487102565,0.025526456822518806,0.02229518521143905,0.0076615761922428595,0.013285155980525955,0.007883298411641645,0.005081416051263719,0.04164461772303184,0.02812206048398416,0.0027632192229018974,0.002458908167713586,0.0023674559150904132,0.23324414848858172,0.03430249513654289,0.0947046511636155,0.09395801419636265,0.004992047682096223
47,0.02227851838851587,0.0342097784610075,0.009750056786308052,0.008219287053105895,0.03412218310458933,0.02088966485524738,0.0018515587485502176,0.004714588312732872,0.004974632709798366,0.06371735155357942,0.006099770376168023,0.01583072232146073,0.0036808353953817633,0.026499270998502685,0.0018982631402814551,0.26643135563078846,0.11381057529140406,0.2401580355381963,0.006684506640461607,0.11417904469392
48,0.012604839364691978,0.00938216797475363,0.06821418663523399,0.037084080872980076,0.11550999871801167,0.03708634632947497,0.0523884165685962,0.022017229508552418,0.08419736239072419,0.021286165446775068,0.013875707280839393,0.0030339697717043645,0.03053700481882182,0.007189416369463211,0.036211672878616374,0.19685233945177358,0.19385082458562133,0.02225442639956554,0.016736148689816186,0.019687695943983986
49,0.013467507601673302,0.02336788035583824,0.04486847426881567,0.008630241415861944,0.014413188860677854,0.6598749538380166,0.004023922862091319,0.010638498212740632,0.024823618715888403,0.033747089932464225,0.0068230740121750415,0.018266352293489736,0.017001523348621265,0.014727791393774356,0.01042236393286212,0.03626634675973797,0.023321694417264158,0.012084941777633916,0.013917886583098107,0.009312649417275123
50,0.01049277719769084,0.00483489773451193,0.012217541332857088,0.12371827854752254,0.0321953940181033,0.004926395098182074,0.023435416454977164,0.05380553530707502,0.34477646664540795,0.024369327824395156,0.026219204910148845,0.017988729991075345,0.008685362977686349,0.10489936210884784,0.06636090290321413,0.08484087345490968,0.025489384988493305,0.008802893652032157,0.0028383885747924695,0.01910286627807683
51,0.001577511017931054,0.27232993015323936,0.005692502598995992,0.005429107854161593,0.004010906295782737,0.0009672914637951731,0.001615690293066053,0.2536267124159376,0.007207697701675493,0.34352081005474394,0.01634022222290778,0.010869302685283301,0.0008275826882327313,0.0018518060921791008,0.002321499720728724,0.00172277780346813,0.01876123133004593,0.039853608748297235,0.0054833477210391645,0.005990461138488877
52,0.002390489988885335,0.7728823475989914,0.016125246702114526,0.005305528306234078,0.04406011989949455,0.006988243690681123,0.006177817549657006,0.004467714234556144,0.01682960407653873,0.005744369166575326,0.015996005007992805,0.014851839298288164,0.006680004130935839,0.007135638178597928,0.014094634987117351,0.006023336722317934,0.008049912970114497,0.0030669123249746685,0.028601548786710312,0.014528686379222087
53,0.01465625095178399,0.005102676505634801,0.5460332688280535,0.06878131083469471,0.007944770382457255,0.06594040702778542,0.00638922240151872,0.008849918098727089,0.005510789335268996,0.004741748219320936,0.00901622627231807,0.037043589104979006,0.009354419107203206,0.024893814321214583,0.06026661719694344,0.04984585715683649,0.0026587899411514696,0.019450658087337782,0.042851928009328355,0.010667738217442239
54,0.07992977631420871,0.0014150571368034015,0.0037451379859995797,0.022652646766463256,0.002875060113415187,0.10028047468686498,0.02987829767365534,0.003866887027766351,0.2363935451499253,0.009021642852250681,0.01752681779807873,0.2505170804978615,0.00037242817807484063,0.053679856846013015,0.00455346576880058,0.14303929655542857,0.02191726010828719,0.010586249515824929,0.0020371712141544675,0.005711847810123397
55,0.03288564709160932,0.013728169946777297,0.01577252253970054,0.006567476783303077,0.03131613245084894,0.033098860873586246,0.019918549471531665,0.00815324217133038,0.03196758032328454,0.020357056371580303,0.010832057673493965,0.016597493358072684,0.6820818067799239,0.004940021062064387,0.004352000155460749,0.01565853471926676,0.015946780395367895,0.00395629551449568,0.014664019104719902,0.01720575321358165
56,0.001700201998183481,0.004196060684647084,0.023272948225117468,0.021006682422785434,0.060656152559161264,0.006249614690445324,0.41919918738366474,0.0033506239194482364,0.04106480841763481,0.11654071191272548,0.008900685724443512,0.11948340309202661,0.0027297930053360696,0.010177769450301351,0.004369841813769411,0.010423762970221599,0.002345528126087074,0.002128944050789372,0.03424165574568988,0.10796162380752174
57,0.2459585110259533,0.003183504391006112,0.31322486830418156,0.01925288823185693,0.01027900124803035,0.008369876734192207,0.008742276505803757,0.035495227604658994,0.08397438375806604,0.06862269345037685,0.025237261988491314,0.009463919975542547,0.002429099276945804,0.09015562094453583,0.013666752785479241,0.03497522247715941,0.007598929868267344,0.01463617071770623,0.001047959575560521,0.0036858311361856
58,0.0022069309351302954,0.00799230426112495,0.0036178689255727636,0.02649518208418424,0.015718545897397997,0.0010500245418360945,0.005946717846998127,0.4836696419264592,0.004063066815419859,0.006074048847167714,0.025692902799015236,0.02218234943928978,0.01152128624243272,0.0042007354656010305,0.0014392179031249334,0.01363604677866283,0.0182427823088367,0.33511104932922875,0.00845819429685959,0.0026811033556571164
59,0.437237719353795,0.003130355244225345,0.017162792031109833,0.016656168136742994,0.017374840876849325,0.003610467174343824,0.007047895138508061,0.019336302090637237,0.006257352425212481,0.3736220799973557,0.0056047725171719685,0.004119963490085381,0.014581756889831802,0.0019147847333505668,0.004714225398258797,0.008369898267860628,0.004683859449734202,0.04641077383583859,0.005084281470905267,0.003079711478182889
60,0.0021467814907612306,0.006903421433044634,0.31938125345870993,0.04392822558878041,0.004020540169713609,0.030487092814072938,0.0026545046385464573,0.016370689954596992,0.0024834983601099447,0.0006019333421489475,0.01970233196018363,0.3785427661566962,0.000539157522781216,0.08988869305851271,0.03240390825545088,0.000681728074097567,0.00585935722113589,0.0022808804341409804,0.005123671705314121,0.035999564361201816
61,0.004634459955497501,0.008781438475737247,0.01996484537114265,0.028343225633836216,0.006246553184896478,0.6976509528045923,0.024228229529072408,0.006893466765475045,0.009445164636145071,0.003272437399675356,0.022566636313536705,0.0050240704654636965,0.026263455629458733,0.019364581213265317,0.03571445065473165,0.002336373232109281,0.004622950424585446,0.002784096967177875,0.06662367807865578,0.005238933264945285
62,0.006384392726188355,0.022247859492165133,0.03373733710133286,0.03344561558269723,0.012163598616740698,0.09129298008445191,0.01045342307870283,0.004864614444820955,0.3948470627603092,0.07540516080059531,0.0291526072471394,0.04350631747056013,0.002222924392119635,0.021308553914803546,0.10124594933891687,0.007219702819268703,0.005714330383767725,0.08040171044373808,0.011012596118368247,0.013373263183313139
63,0.0020926032862759,0.0015737971034858534,0.003066964368980862,0.0031085949221592323,0.0012453461875003484,0.7685155030660885,0.020474074272075905,0.0011419528560580013,0.004608387222894937,0.0005552591984744954,0.0033107162645504115,0.09230580623546741,0.07126719685112942,0.0014667880578337344,0.0017787570366925604,0.0030855734580803743,0.0040888074386398205,0.0004868749435582989,0.012645754697604539,0.0031812425324493398
64,0.007112527504272143,0.7189626608052381,0.011521106026984865,0.008726355867829402,0.03935709584466877,0.012074012860535317,0.014011154103127716,0.010568097571425732,0.008918485218673852,0.03233842205523151,0.009918224658454971,0.01255989388802168,0.0033726738327528863,0.008746876861335481,0.017242675170173197,0.008036383690702989,0.020195481852976087,0.004511287151947244,0.04241236124518222,0.009414223790465548
65,0.04687470977919298,0.017979808751916328,0.016845624095191483,0.007665179373047901,0.0186977130293642,0.006412203319243211,0.02666872640363431,0.021131630635481475,0.03976193039347205,0.010081220042825816,0.0324022912516249,0.05161497965220277,0.013017250409208928,0.006936178290716236,0.011726721669069054,0.04310955218358463,0.5896673972099735,0.006544842195549226,0.017673231816706738,0.015188809497994294
66,0.0019277462899620458,0.0034664378725541276,0.003797626912761494,0.0034306287995725495,0.004953794516508798,0.001382635245390368,0.0016000872155317578,0.006404446011396035,0.003634706461210133,0.3592534085798803,0.014937238927276334,0.008721980225367106,0.009920246908412431,0.00851769009243669,0.0015089301608181562,0.031887542799604804,0.0019234324414655623,0.5025797657651297,0.02500027424632405,0.005151380528397574
67,0.001685158848780441,0.06371979268025593,0.0048734795716058625,0.005060493543105225,0.009497738292371074,0.002129024512629329,0.002883968269254542,0.5086944155905216,0.04370381238058817,0.06982998264144873,0.09423903150477154,0.004028252945888696,0.008724114564989128,0.004656885144403906,0.025266990075097265,0.011355535807273854,0.006538790055732303,0.12163572331943127,0.006489129388891879,0.004987680862959307
68,0.002941417190277878,0.0051524088555924994,0.5857977382567261,0.04914802911997959,0.011603647277870608,0.029412915611761473,0.07722007333935665,0.0033153199993199377,0.018807996088788723,0.001319134614869516,0.009959367669507413,0.05885325165216086,0.003536835976157197,0.005471807672351674,0.003999250726714374,0.022168076073232453,0.0012225348173981907,0.04899004348569141,0.016132379353196277,0.044947772219047326
69,0.5207569558489031,0.0329624297287432,0.028963252712387588,0.0033632267673998875,0.005685406525921905,0.004995145512206213,0.006249319703872042,0.0033487166319757593,0.003042546604053028,0.02156181239602008,0.00851657051963359,0.009612634488544781,0.003473467287626126,0.0022255265774682002,0.003512817679213799,0.2645109812549822,0.05000527063585742,0.01812497906170971,0.004729193000985652,0.004359747062495858
70,0.018109092142164603,0.006980280130195879,0.007791176206264299,0.008346748977133812,0.005030784295182701,0.003442408017675273,0.006632666441687914,0.051245348783921604,0.005765898233338274,0.7294227061653227,0.014315711133800807,0.0035649377479506908,0.010078354215688659,0.014578677572070275,0.025404359293292433,0.019318393500469624,0.002007628211937079,0.03527902713968088,0.016539622141036808,0.016146179651185873
71,0.007234833787835426,0.007556859352900451,0.007816755668578191,0.026371741430851223,0.02183400360067317,0.002676007804935394,0.010210374955717768,0.019307051752143516,0.0046509170636639076,0.7438536002021253,0.029569426303616034,0.008164268761389568,0.0037317870148191375,0.00629924603742116,0.0028327632865226666,0.051863334457818384,0.0027725240244767125,0.014311135326804912,0.022515928031440313,0.0064274411362667564
72,0.03865265989077413,0.004572148131111442,0.008914191572442191,0.0231624124871093,0.010511703665591654,0.8123568683305841,0.012059535212980175,0.004898168412645468,0.013598373685353554,0.001751366231889773,0.012524701760867554,0.005109857528854338,0.0014720319590634456,0.006021705961988666,0.005744885706264849,0.001798951798143488,0.002378771265249721,0.017028014024180197,0.012365547440907232,0.0050781049339988955
73,0.0670353785269399,0.006813742349399714,0.7463507965979512,0.012584268363617429,0.005382700109623698,0.012615273900134165,0.01486663482506051,0.03178052924837953,0.015672305410930596,0.0039357658234037305,0.010920766686727765,0.005104257751558898,0.007831598591024232,0.005375369329063356,0.0016147543247932968,0.01108031666534575,0.009027840611098806,0.006867878046319513,0.009091677791165527,0.016048145047462485
74,0.001438465512625155,0.011928182434445878,0.022366174721744965,0.016433190114649356,0.0061845345203178055,0.003907578207206525,0.007086716816603932,0.020353413861033173,0.00439841736950744,0.004151789903171809,0.008901817005867986,0.38128911768796525,0.43657101836913786,0.003262788458363209,0.0028219882940632725,0.027837315789052408,0.011548718587576431,0.006143887138927505,0.018582771189567894,0.0047921140181722
75,0.014026552403768537,0.004793916929116748,0.01805005017822667,0.02165480929341069,0.012282083823199438,0.1783593705047137,0.10224639244068298,0.002316586921076724,0.03224588620116015,0.007179165727189225,0.14852704790253235,0.09104536372954958,0.0035661959796832433,0.3095220943977228,0.006597709239368779,0.02986928334607536,0.0012260223864352393,0.0016401514143072622,0.004112667670593905,0.01073864951118677
76,0.006154312004233302,0.7351730906413864,0.01143802795407064,0.04149042232715835,0.01679025435036554,0.008185868387142331,0.01580872731530039,0.012795936136120567,0.011799190791259382,0.0022333088782738597,0.017208845518523946,0.004114683070513217,0.00346052366498222,0.013752233816290291,0.025528681388778535,0.010201101376382814,0.007604611606004721,0.0031761076859944887,0.024347064297484917,0.02873700878973423
77,0.004812950324870463,0.00596945217390465,0.7277461554376184,0.08519845001974741,0.00583777922860441,0.014568597706400132,0.012413835375756974,0.006242030723958499,0.006461740706020941,0.002976986426577374,0.020615644982037683,0.03297351067414858,0.00308763819216134,0.0077779355241654104,0.005539375087305143,0.002276986170242759,0.013594325813419182,0.01884061222827204,0.012549327551618005,0.010516665653170786
78,0.005444214255411957,0.004483468930733512,0.20523009574868847,0.5040002495061371,0.00300707091167703,0.009167937615422693,0.0025295629247690573,0.004264259339952631,0.0031965310902327838,0.0006551304850163874,0.11141254983816842,0.025973613685747875,0.007823942124161863,0.004458520212588556,0.005935026243891765,0.002308711929020174,0.08587135734273864,0.004690554874523802,0.0036229811555973427,0.005924221785520022
79,0.0009898056694146247,0.0027573572229237144,0.00220292232718536,0.0012231022772442673,0.39671841495553717,0.0022811491340243685,0.00309927488552701,0.03357611103779045,0.002789340606007153,0.4259178647857625,0.023182816418727256,0.008865692456769018,0.0016364833813831512,0.0052709164701525155,0.05155411542903058,0.00886880243240439,0.0013905864581693014,0.003225208180052833,0.009809786089381413,0.01464024978251315
