site,abs_diffsel,positive_diffsel,negative_diffsel,max_diffsel,min_diffsel
-16,37.6827543939646,0.0,-37.6827543939646,0.0,-3.204976408539208
160,31.619996330162124,29.765732847590783,-1.8542634825713415,6.2798542979029595,-0.9035104221573997
159,25.535894264848277,24.43965931470345,-1.0962349501448267,6.546294486324534,-0.4973730042750035
(HA2)207,21.06935322148074,0.0,-21.06935322148074,0.0,-2.774128741846143
(HA2)208,18.849846705058592,0.0,-18.849846705058592,0.0,-2.0681167194539762
(HA2)181,18.6695270000679,0.08109518075217381,-18.58843181931573,0.04195345810248027,-3.2458073064284645
220,18.25828693509215,0.29326219252075925,-17.96502474257139,0.29326219252075925,-2.712895400651573
(HA2)200,17.137366508667284,0.0,-17.137366508667284,0.0,-1.9369857836139284
(HA2)199,17.026009126252568,0.013930940432405226,-17.01207818582016,0.013930940432405226,-3.0539090027317353
(HA2)142,16.325292770061257,0.14243868043733704,-16.18285408962392,0.14243868043733704,-3.2202290882926397
(HA2)206,16.191014793429012,0.0,-16.191014793429012,0.0,-2.003510693421976
222,15.934994269525045,0.035274461973441536,-15.899719807551602,0.035274461973441536,-2.045622807814648
189,15.819190302387597,0.3008736565796857,-15.51831664580791,0.3008736565796857,-2.105253575449635
201,15.677132965290946,0.0,-15.677132965290946,0.0,-2.008323086040164
(HA2)39,15.600273704375358,0.0,-15.600273704375358,0.0,-1.4908709281562693
(HA2)182,15.278719291390626,0.20652309831871574,-15.07219619307191,0.20652309831871574,-2.439435083455189
(HA2)139,15.18578309231869,0.043151047116330526,-15.142632045202358,0.043151047116330526,-3.276482519110276
(HA2)164,15.178643739623148,0.0,-15.178643739623148,0.0,-2.253315242690811
-2,15.061890979790753,0.0,-15.061890979790753,0.0,-1.8442604185072278
(HA2)47,14.92589262685065,3.8482654158931062,-11.077627210957544,3.641560255535121,-2.3180550945235305
(HA2)141,14.695267752522494,0.10848428836949742,-14.586783464152996,0.10848428836949742,-2.0040974538542358
(HA2)180,14.662382588241481,0.0,-14.662382588241481,0.0,-2.9904768188284625
219,14.53260891411103,0.0,-14.53260891411103,0.0,-1.583626810889788
(HA2)143,14.446239058539796,0.0,-14.446239058539796,0.0,-3.4600016697324114
192,14.438547937875015,0.1642295842976556,-14.274318353577359,0.1642295842976556,-2.0555127813025127
(HA2)18,14.327179278613109,0.022858103702140628,-14.304321174910967,0.022858103702140628,-1.5764487136872218
261,14.290433473368793,0.0,-14.290433473368793,0.0,-2.1828506828038536
226,14.264294622428798,0.0,-14.264294622428798,0.0,-2.2669680699726324
193,14.075334384851924,11.2628694283855,-2.8124649564664232,4.468924116553482,-1.0950574927114167
244,14.027659241249827,3.53631282376975,-10.491346417480079,3.283325417128025,-1.7625894860751712
299,13.921482481878336,0.0,-13.921482481878336,0.0,-1.7766150063423316
(HA2)160,13.78559637204682,0.0,-13.78559637204682,0.0,-2.37127618442738
103,13.746641564238772,0.0,-13.746641564238772,0.0,-1.7640544411795238
1,13.588322743995043,0.16894891557252065,-13.419373828422524,0.16894891557252065,-3.147531997881862
-8,13.57555450511048,0.0,-13.57555450511048,0.0,-2.1018594759352336
304,13.563967092752344,2.468598821888234,-11.09536827086411,2.4207210966873394,-2.278441856878065
-15,13.474801023701774,0.3824488317541115,-13.092352191947663,0.3824488317541115,-1.3850269944375748
(HA2)205,13.35047106439145,0.0,-13.35047106439145,0.0,-2.312303136911759
(HA2)204,13.310446139593385,0.012032552139764278,-13.29841358745362,0.012032552139764278,-3.5087950404080024
5,13.282954553256975,0.0,-13.282954553256975,0.0,-1.949580530994698
262,13.200263096512426,1.2915022581342372,-11.908760838378187,1.2609514117366445,-1.6777888100337046
(HA2)168,13.132781452049093,0.0,-13.132781452049093,0.0,-2.2773378634865917
(HA2)32,13.125034187813956,0.003402597975784693,-13.12163158983817,0.003402597975784693,-1.5539382715527035
(HA2)57,12.879111678429554,0.2520899457502255,-12.62702173267933,0.2520899457502255,-2.315589662044326
214,12.862894217548154,4.15946409826099,-8.703430119287164,3.8439513296749133,-1.0965196854587647
92,12.763076481370888,0.401332095011485,-12.361744386359401,0.3259463517555755,-1.8576922121340664
-6,12.698693740453377,0.0,-12.698693740453377,0.0,-1.7354988909971762
(HA2)136,12.693572069794927,0.07300457347740012,-12.620567496317527,0.07300457347740012,-3.342864601951713
94,12.552447356061407,0.0,-12.552447356061407,0.0,-1.605830441993306
(HA2)71,12.524384930935721,6.394740182920433,-6.129644748015289,3.9901128507398647,-1.1175346055105555
(HA2)186,12.394337315477678,0.0,-12.394337315477678,0.0,-3.2558095738221846
(HA2)178,12.375597270776197,0.0,-12.375597270776197,0.0,-2.363588922819053
(HA2)45,12.295142237823432,0.0,-12.295142237823432,0.0,-1.7983791334280468
(HA2)187,12.293874092831501,0.8475621661105222,-11.44631192672098,0.8475621661105222,-2.4923517883846795
(HA2)179,12.266586935600024,0.0,-12.266586935600024,0.0,-1.479701925221321
215,12.206501826793799,0.0,-12.206501826793799,0.0,-1.7931005238889886
(HA2)202,12.085616389234058,0.0,-12.085616389234058,0.0,-1.5066101129494698
224,12.083420218415696,4.559651673201842,-7.523768545213855,4.229068012004329,-1.025291738555651
(HA2)183,12.055005782480913,0.0,-12.055005782480913,0.0,-1.6801973954248324
(HA2)137,12.04010618238011,0.08001965623366997,-11.96008652614644,0.08001965623366997,-2.9697494899414867
8,11.944583684069872,0.0,-11.944583684069872,0.0,-1.7693546916309848
(HA2)61,11.936949877048862,0.293028727243032,-11.643921149805832,0.293028727243032,-2.0201268015430207
(HA2)172,11.730493783801053,1.2339245129619998,-10.496569270839055,0.9811378270684119,-2.7163004901636185
(HA2)153,11.683430372211054,0.0,-11.683430372211054,0.0,-1.9827658029450768
217,11.673037950556495,0.2863822179829839,-11.38665573257351,0.16302519390912054,-1.8661001945301865
216,11.567573109648169,0.0,-11.567573109648169,0.0,-1.834951996371939
(HA2)184,11.528188241249936,0.0,-11.528188241249936,0.0,-1.9064972008440093
(HA2)135,11.480702531241183,0.8041630199173476,-10.676539511323837,0.4276777604448634,-2.620055325205932
(HA2)29,11.213883103484116,0.4318633552490019,-10.782019748235115,0.4318633552490019,-1.1755929999401133
(HA2)121,11.054886905424144,0.0,-11.054886905424144,0.0,-2.268238071653001
(HA2)138,11.050889477091223,0.0,-11.050889477091223,0.0,-3.795321476252584
-7,11.038121649005781,1.0968740017997907,-9.941247647205993,1.0968740017997907,-1.0923251967285386
50,10.972204310022045,1.5184169329509853,-9.453787377071059,1.3724914359955274,-1.2307615504118783
(HA2)197,10.960522855831119,0.022918551409348675,-10.93760430442177,0.022918551409348675,-2.4909446989705013
(HA2)27,10.905597160376843,0.0,-10.905597160376843,0.0,-2.12221705782111
157,10.85058123999352,0.9236794989755376,-9.926901741017986,0.7552796111176869,-1.4901869451482592
199,10.834153496704333,0.2017702616415628,-10.63238323506277,0.1306224320467096,-1.9831773017090844
(HA2)177,10.80398271558133,0.32483274919424965,-10.47914996638708,0.23476985250437593,-2.5539021321626403
6,10.791647160021192,0.309330993401962,-10.482316166619231,0.309330993401962,-1.6985564336801744
(HA2)113,10.541617948494954,0.0,-10.541617948494954,0.0,-1.701674742253313
(HA2)203,10.533730369413071,0.11360673710975908,-10.420123632303312,0.10836740115927501,-1.8824280662827184
(HA2)125,10.525369528854302,0.03373986023776317,-10.49162966861654,0.03373986023776317,-3.2711777163509064
312,10.508209904475935,1.7343934247254729,-8.77381647975046,1.733703444147655,-1.1937144789829612
57,10.453015005922166,0.47902049827450677,-9.97399450764766,0.3935068250527491,-1.806868712533167
(HA2)156,10.4404779306756,0.12249240122849091,-10.317985529447109,0.099787380685459,-2.8533278666942827
326,10.416784184632599,3.6780112011838604,-6.738772983448738,3.291818619425921,-1.233104971310103
(HA2)132,10.389814223391147,0.0,-10.389814223391147,0.0,-1.7659425667651543
121,10.334472043105432,0.4781593573322235,-9.85631268577321,0.47694284339635895,-1.7180930160465273
48,10.294836898630143,0.09068038794630384,-10.20415651068384,0.052562413371350536,-1.566686281631097
(HA2)38,10.17650547721061,0.40378290344476675,-9.772722573765842,0.40378290344476675,-1.5664576707895574
(HA2)15,10.142369163351066,0.0,-10.142369163351066,0.0,-1.0432698305099217
4,10.134434233792561,2.817197017284971,-7.317237216507588,2.6893277237405533,-1.3640503378122233
(HA2)158,10.091032532084727,0.024922884968864283,-10.066109647115862,0.024922884968864283,-2.6139056083048646
(HA2)212,10.068460794924471,0.0,-10.068460794924471,0.0,-1.6016780233110373
279,10.043628797032836,0.04215555724851022,-10.001473239784326,0.03887209484716812,-2.456623434576445
(HA2)124,10.02467423883052,2.4870198715589904,-7.537654367271531,2.2755294884913835,-1.107264364617393
(HA2)211,10.014963251337191,0.9153412107407328,-9.099622040596458,0.4517562840065191,-1.619213961090547
(HA2)196,9.928579475642112,0.011830364056731083,-9.91674911158538,0.011830364056731083,-2.5581346041461472
(HA2)101,9.852241072415982,0.18130346859798568,-9.670937603817997,0.18130346859798568,-1.9152656612340497
(HA2)131,9.759086752720703,0.0,-9.759086752720703,0.0,-3.4642607965645666
142,9.504377554687103,0.1335377338344913,-9.370839820852613,0.09807752730230587,-1.9651177339707935
(HA2)165,9.40892339608011,0.0,-9.40892339608011,0.0,-2.5874467010225084
135,9.39400634155704,0.0,-9.39400634155704,0.0,-2.6275059875944766
(HA2)46,9.385085144954683,0.0,-9.385085144954683,0.0,-1.2504924766552477
(HA2)53,9.373002990439533,1.1824771590881036,-8.190525831351431,1.173783116538944,-1.7116016412098465
(HA2)98,9.366243445614055,0.16135643649730985,-9.204887009116744,0.16135643649730985,-1.5253845393907284
(HA2)201,9.361538844632562,0.07478003607853806,-9.286758808554024,0.07478003607853806,-1.6434057436848806
44,9.33383455232628,0.46656449152738994,-8.867270060798889,0.4581745317730256,-1.864769809883016
(HA2)209,9.32079925384558,0.0,-9.32079925384558,0.0,-1.3962479717132394
54,9.30349124420035,0.0,-9.30349124420035,0.0,-1.4935936307974256
(HA2)166,9.262786135231144,0.0,-9.262786135231144,0.0,-2.874252873635996
(HA2)130,9.199394488902804,0.9133175224067012,-8.286076966496102,0.9036898582495766,-2.9390959856676306
(HA2)149,9.14010333959383,0.0,-9.14010333959383,0.0,-1.4961633330238713
(HA2)185,9.054621866431267,1.1276839220086374,-7.9269379444226304,0.8912328465847785,-2.434185027629657
2,8.999591738679433,0.30613514672724246,-8.69345659195219,0.27685613701810746,-1.2987409034416206
(HA2)221,8.955828702677564,0.0,-8.955828702677564,0.0,-2.2767227238449697
(HA2)167,8.945619908873429,0.0,-8.945619908873429,0.0,-1.8670431101853275
(HA2)210,8.921018799395835,1.6722325043303297,-7.248786295065504,1.2406452021452834,-2.2855687207555384
327,8.87324446361182,0.0,-8.87324446361182,0.0,-0.8935318712054392
323,8.859880801202687,0.0,-8.859880801202687,0.0,-1.640490513391925
(HA2)195,8.818878378785852,3.826989321490056,-4.991889057295796,2.6194179128799915,-0.9615982204597797
(HA2)147,8.782543145950523,0.0,-8.782543145950523,0.0,-1.2789732674724297
(HA2)77,8.755787595532203,0.0,-8.755787595532203,0.0,-1.9768693550743166
9,8.740750164279063,0.05779153439678525,-8.682958629882275,0.05779153439678525,-1.3774206605262385
(HA2)133,8.726680173148827,0.0,-8.726680173148827,0.0,-2.29550245441145
328,8.708172936928127,0.0,-8.708172936928127,0.0,-1.1918866711529637
3,8.70316865400401,0.29205492259241195,-8.411113731411598,0.29205492259241195,-1.1309136956968708
(HA2)152,8.699785548423064,1.6494687411670472,-7.050316807256016,1.6211973775854598,-2.3554721735718736
122,8.688470220767904,3.4504346734425453,-5.238035547325359,3.232900687500487,-0.8109766246001395
(HA2)157,8.65812314375088,0.0,-8.65812314375088,0.0,-2.4855847224522196
207,8.63397318491698,4.202430897366815,-4.431542287550167,3.116915861891615,-1.298703553243927
184,8.560640253456608,2.7727934497954054,-5.787846803661202,2.2885659935338443,-1.0685517453876543
(HA2)161,8.471745352265192,0.4716543559845154,-8.000090996280676,0.3517784789563627,-1.938038872552244
218,8.3999708928334,0.9599497365170921,-7.440021156316307,0.6139973285589596,-1.5319554812969698
(HA2)99,8.24955385296566,0.0,-8.24955385296566,0.0,-1.5633274642453872
156,8.235929355204624,0.23387566967547818,-8.002053685529145,0.22587704044890686,-2.1632046581074698
163,8.223529851640262,0.4933537263897115,-7.730176125250548,0.35592921396004745,-1.5695003164562626
(HA2)171,8.18576786783253,0.0,-8.18576786783253,0.0,-2.521971772862331
173,8.140997567661413,0.027186639506163707,-8.11381092815525,0.027186639506163707,-0.8941874181637939
(HA2)198,8.117007713702932,0.0,-8.117007713702932,0.0,-1.178746115330539
45,8.066452802030152,0.3173504990065943,-7.749102303023559,0.19232392828145783,-1.0856000366726979
227,7.975914819788828,0.3227269163481925,-7.653187903440637,0.2541555399040021,-1.995570088310655
(HA2)148,7.91959131349685,0.0,-7.91959131349685,0.0,-2.0196319451045333
-3,7.91866316066727,0.0,-7.91866316066727,0.0,-1.5697288662120747
33,7.863756761771505,0.0,-7.863756761771505,0.0,-1.0274304081492112
260,7.843634588535238,0.0,-7.843634588535238,0.0,-1.756680841757088
106,7.7984247341731185,0.10729854401471299,-7.691126190158405,0.10729854401471299,-1.4033532895796752
(HA2)159,7.789727777585997,0.0,-7.789727777585997,0.0,-1.6610493813023561
-10,7.779514449674893,0.04726540550929651,-7.732249044165596,0.04726540550929651,-1.5171083617089982
208,7.773186134003172,0.1603441373932538,-7.612841996609919,0.10757091991151155,-1.2630156050954255
(HA2)65,7.676344088220771,2.639934315050663,-5.036409773170108,2.6207160518391484,-1.3361704171470636
63,7.670405960471348,0.0,-7.670405960471348,0.0,-2.588627045896824
75,7.664031713500085,0.0,-7.664031713500085,0.0,-1.4443537664046908
(HA2)150,7.628630820775898,0.01729276885536355,-7.611338051920534,0.01729276885536355,-1.6899875514629243
124,7.610294340857535,0.1593733318148508,-7.450921009042684,0.1593733318148508,-1.8555208852910128
35,7.432324136112495,0.2052110899436015,-7.227113046168894,0.2052110899436015,-1.8661046780228099
67,7.427748951420423,3.2857190776872978,-4.142029873733125,3.1766160246599626,-2.2605802311263
-14,7.422395748222645,0.018460212332919085,-7.403935535889725,0.018460212332919085,-1.1053349181936438
186,7.392161572307984,0.0,-7.392161572307984,0.0,-1.826823631656539
(HA2)155,7.368758457969251,0.0,-7.368758457969251,0.0,-1.5044633696618352
307,7.314542069419443,0.9810244274694802,-6.333517641949963,0.4252707561363218,-1.195273746833469
(HA2)88,7.292591126416124,3.6981652582083147,-3.5944258682078085,3.296048674924365,-0.9306555715782676
96,7.269057765259583,0.0,-7.269057765259583,0.0,-2.6884855073755913
27,7.247284446976481,0.030041014453617516,-7.217243432522864,0.030041014453617516,-1.9032562021297275
(HA2)162,7.19272503326645,0.0,-7.19272503326645,0.0,-1.8839849295580944
(HA2)43,7.1861808517199135,0.0,-7.1861808517199135,0.0,-1.450159323231154
187,7.159942148046723,0.17215515171344056,-6.987786996333282,0.11941292452101102,-1.030276877072878
310,7.120580986829665,0.23180413289430638,-6.888776853935357,0.1741071739784963,-1.7584824201050817
(HA2)151,7.113986831108809,0.09582161474012708,-7.018165216368683,0.05611880116375403,-1.7828401515226293
(HA2)218,7.110232151433329,0.4246963801897905,-6.685535771243539,0.2978280802839,-1.2975760282854005
(HA2)214,7.1086778180943035,0.16212328020973826,-6.946554537884565,0.16212328020973826,-0.9640889228647992
46,7.105322600882363,0.19198722597118617,-6.913335374911177,0.15442306171803188,-0.9321665267027072
(HA2)82,7.078994239298018,0.4084897960853692,-6.670504443212648,0.18915395305405247,-1.9033550222277684
(HA2)120,6.983187875589569,1.0295202393029457,-5.953667636286624,1.0295202393029457,-1.2319228395298016
(HA2)134,6.964235589474052,0.0,-6.964235589474052,0.0,-2.636250645623393
128,6.955157176067375,2.4506321300683016,-4.504525045999073,2.3577739810175533,-1.2786883806851437
(HA2)13,6.878634615083805,0.02060725797904206,-6.8580273571047625,0.01612319995773262,-2.255281954500516
(HA2)140,6.874464250474622,0.002436708448998758,-6.872027542025622,0.002436708448998758,-1.6911108875922265
324,6.8440778605016765,0.30515510285399977,-6.5389227576476765,0.30515510285399977,-1.5305728906404161
25,6.794451580840582,0.13402805680081162,-6.660423524039771,0.13402805680081162,-0.8486047412522109
(HA2)170,6.785588242096621,0.9241557299444325,-5.861432512152187,0.9241557299444325,-2.142805336153975
(HA2)25,6.775439762625688,1.1865861394763524,-5.588853623149336,1.1865861394763524,-0.9734588163597022
(HA2)219,6.707815098007172,0.733281241946882,-5.97453385606029,0.3940369561893959,-2.288924038682364
(HA2)114,6.627868277411402,0.0,-6.627868277411402,0.0,-1.5340945552483443
210,6.62042969174123,0.0,-6.62042969174123,0.0,-1.771128487911173
212,6.557179585586066,0.3063293846293392,-6.2508502009567275,0.3061340089804166,-1.5576110032895802
(HA2)163,6.5177214112422295,0.0,-6.5177214112422295,0.0,-1.7712135780992082
(HA2)173,6.504726416706772,0.0,-6.504726416706772,0.0,-1.1341790612198106
289,6.478137633566741,0.0,-6.478137633566741,0.0,-1.2404356305119775
278,6.475655541042312,0.014242125349996596,-6.4614134156923155,0.014242125349996596,-1.280701477678682
(HA2)73,6.47006522566284,1.0096785831617794,-5.460386642501061,0.6160887860769687,-1.496597305376781
7,6.467430841410869,0.06568943253926439,-6.401741408871605,0.03669451224011072,-1.3021131531627101
83,6.44141808410158,0.0,-6.44141808410158,0.0,-1.4653622047259312
37,6.432205153799477,0.0,-6.432205153799477,0.0,-1.1801138833401192
(HA2)55,6.412732602935959,0.0,-6.412732602935959,0.0,-1.2523473865554116
131,6.408441143350394,1.6621131716359108,-4.746327971714482,1.599889775902559,-1.0630477528371358
(HA2)128,6.402064026203586,0.3362585027371577,-6.0658055234664285,0.2987267978752521,-1.3731082922452766
(HA2)174,6.3871735033785155,3.348466970197616,-3.0387065331809,2.3151334298282205,-0.7341078697470352
(HA2)59,6.384094412023372,0.0,-6.384094412023372,0.0,-0.9745361280137617
(HA2)40,6.359931806444411,0.15921640111555194,-6.200715405328859,0.15921640111555194,-2.05724754208732
81,6.3284930938768005,0.0,-6.3284930938768005,0.0,-1.3812380481143993
(HA2)216,6.2562059042950775,0.021659492513760183,-6.234546411781318,0.021659492513760183,-1.574075776096549
325,6.230529565051143,0.06993326641772019,-6.160596298633424,0.06993326641772019,-1.6600111129553103
(HA2)34,6.217720482533405,0.3689466915344318,-5.848773790998974,0.3689466915344318,-1.0369934187502148
(HA2)215,6.208456961514629,0.0,-6.208456961514629,0.0,-1.6103687595879206
59,6.153576928800129,0.0,-6.153576928800129,0.0,-2.8061150808899527
275,6.123488013115205,0.08736878566244183,-6.036119227452763,0.08736878566244183,-1.1356499132150022
(HA2)91,6.085153339328964,0.05797185126345769,-6.027181488065507,0.05797185126345769,-0.715413787635875
40,6.082848686682912,0.0,-6.082848686682912,0.0,-0.804986048056605
80,6.067025734540573,0.0076876248153225635,-6.0593381097252506,0.0076876248153225635,-1.0017250951080214
-12,6.05117737697612,2.0056975486732735,-4.045479828302845,1.871558055783017,-0.9371766911326007
225,6.008255892409456,0.30663779018418247,-5.701618102225273,0.30663779018418247,-0.9949076170038063
(HA2)169,5.997862976052054,0.005616219776558233,-5.992246756275496,0.005616219776558233,-1.0869339359909593
(HA2)145,5.975556665993014,0.03787478422155536,-5.937681881771459,0.01606010205193041,-2.0834300368940144
(HA2)62,5.956940271404571,0.12946078989282112,-5.82747948151175,0.12946078989282112,-0.9213730232511834
167,5.953879087003733,4.475727709073101,-1.4781513779306323,2.4376167034473135,-0.9588967278051554
34,5.932230464854828,0.0,-5.932230464854828,0.0,-0.8507103701398834
259,5.886107751756522,0.1920799145238794,-5.6940278372326425,0.1920799145238794,-1.0975097681384733
280,5.871949649202635,0.0,-5.871949649202635,0.0,-0.9310813067794296
(HA2)51,5.862317827227472,3.7328830300355698,-2.1294347971919025,3.3504807685342506,-0.4648102396207993
24,5.83918037920948,0.0,-5.83918037920948,0.0,-0.9011729040645515
88,5.8316461538196025,0.3725121389799064,-5.459134014839697,0.3725121389799064,-1.7713072056757926
(HA2)191,5.804179249354208,0.11584681798399596,-5.6883324313702115,0.11584681798399596,-1.6700176393307857
(HA2)116,5.8028392292488435,0.0,-5.8028392292488435,0.0,-1.1736197309723564
213,5.796136864411001,0.0,-5.796136864411001,0.0,-1.7039304780500235
21,5.7858159461048,0.3285219839054183,-5.4572939621993815,0.3224551425376886,-1.3483177242005906
138,5.7674668927306305,0.26175152399076307,-5.505715368739867,0.26175152399076307,-1.6019033519094046
-5,5.760178717246336,0.7351952525561387,-5.024983464690196,0.4148514727390123,-1.112198619512163
78,5.757578224440254,0.3390975589314281,-5.418480665508825,0.18924088297909955,-1.4972327966980012
10,5.7433667342811185,0.6760028664389631,-5.067363867842155,0.31749340863630104,-1.2847812273996813
(HA2)49,5.704023184683379,0.0875727084225886,-5.61645047626079,0.0875727084225886,-1.3433868323501807
36,5.697522051355649,0.0,-5.697522051355649,0.0,-1.1360116197204655
51,5.671943176349226,0.3659962331740968,-5.305946943175129,0.3659962331740968,-1.7622261693818686
188,5.642601491958658,2.4588862778997362,-3.1837152140589215,1.5298411698822922,-0.7656148330875614
(HA2)70,5.63958624309839,0.46563862137932194,-5.173947621719068,0.24625884799099845,-0.9719867837388548
161,5.60756466008613,0.34763285480509204,-5.259931805281037,0.2821956673156483,-0.7515930097108363
(HA2)14,5.583970302691363,0.022788752438548845,-5.561181550252814,0.022788752438548845,-1.0463293100489663
(HA2)81,5.577539459385769,0.42718588036513266,-5.150353579020637,0.22996447318395416,-1.0316823073837547
(HA2)97,5.566219249605624,0.07714163902458515,-5.48907761058104,0.07714163902458515,-1.0724779501787078
(HA2)106,5.549031300010597,0.37203923107054837,-5.17699206894005,0.21107873951569986,-1.0307855172596903
164,5.546984767664296,0.40322959317716134,-5.143755174487135,0.2808335842003569,-1.2809138651525487
301,5.541584581977243,0.0,-5.541584581977243,0.0,-1.9054282414441015
(HA2)17,5.541051644303291,0.0,-5.541051644303291,0.0,-1.252218771413843
(HA2)80,5.5364085069379385,0.8513159065155307,-4.685092600422408,0.5597329482890065,-2.164575264385303
311,5.517012406577092,0.7492322259783581,-4.767780180598734,0.7492322259783581,-1.0001258798887058
132,5.5129770574355526,0.26431768863815985,-5.248659368797393,0.26431768863815985,-2.148800557542168
291,5.467942761282055,0.16680145661859752,-5.3011413046634575,0.16680145661859752,-1.0031470411046155
168,5.443399897172164,2.8682618537826134,-2.5751380433895497,2.8450450186324403,-0.831144906292509
(HA2)144,5.429263602467424,0.0,-5.429263602467424,0.0,-1.8354927306647426
98,5.427364679659947,0.671855329182766,-4.75550935047718,0.671855329182766,-1.2879678094475584
242,5.420809633528388,0.0,-5.420809633528388,0.0,-0.9958493057498816
(HA2)11,5.381644007227466,0.0328571831717914,-5.348786824055675,0.0328571831717914,-1.3392802042412737
38,5.363872049470782,0.15725101867616992,-5.2066210307946115,0.15725101867616992,-1.657819348762418
290,5.346318475424162,0.32748262599090017,-5.0188358494332626,0.32748262599090017,-0.787082930839496
(HA2)56,5.329684535040961,0.0,-5.329684535040961,0.0,-1.18649043250319
53,5.3204031208653095,0.047108275217544016,-5.273294845647766,0.047108275217544016,-1.1234545341463542
209,5.309743079471163,0.2111173768956719,-5.098625702575491,0.11826091518282841,-1.1118992110605252
(HA2)110,5.300431358910677,0.0,-5.300431358910677,0.0,-1.094387011711703
47,5.274927314894332,0.07811822661861183,-5.19680908827572,0.07811822661861183,-1.466610165571172
144,5.26321472037646,0.0,-5.26321472037646,0.0,-1.3723340501909833
(HA2)102,5.244125865783564,0.0,-5.244125865783564,0.0,-0.876756841025745
117,5.218900679314893,2.862898278045727,-2.3560024012691665,2.6193895919260446,-0.6757946809387104
(HA2)117,5.212398452037663,0.40686849952011017,-4.805529952517553,0.40686849952011017,-1.1218940893415872
(HA2)146,5.163059834826668,0.06378523046164584,-5.099274604365022,0.030442040185238606,-0.7750533157475231
269,5.1495943594558,0.0,-5.1495943594558,0.0,-1.031453603707905
238,5.141317053252688,0.0,-5.141317053252688,0.0,-1.041113073437761
(HA2)109,5.121493053023566,0.0,-5.121493053023566,0.0,-1.3726327852504392
(HA2)86,5.12120500482471,0.3821399921055184,-4.739065012719192,0.19490988200264742,-0.8265790905234685
(HA2)37,5.119877179347997,0.004338416778782283,-5.115538762569215,0.004338416778782283,-1.5318802478519102
264,5.116072955504767,0.052362473672532814,-5.063710481832234,0.052362473672532814,-1.450055914661734
22,5.106563292324199,0.0,-5.106563292324199,0.0,-1.2264610955419188
(HA2)30,5.095385122107169,0.4387971488067415,-4.656587973300428,0.23677310443952188,-0.9341376727850323
(HA2)60,5.092260802596851,0.13874747896037806,-4.953513323636473,0.13874747896037806,-1.4654142592016852
(HA2)19,5.048926391914207,4.6562336428343455e-05,-5.0488798295777775,4.6562336428343455e-05,-0.9237347995365373
267,5.033336288607616,0.0,-5.033336288607616,0.0,-0.9103043685739065
(HA2)36,5.022230563213312,0.20446651794761983,-4.817764045265691,0.16771556854658837,-1.4313623608360535
(HA2)54,4.995135417709534,1.410210915629346,-3.584924502080187,1.332233762011981,-1.0819990853872097
85,4.984244116485035,0.0,-4.984244116485035,0.0,-1.278783594725077
(HA2)220,4.89945341290515,0.1713431365548712,-4.728110276350279,0.17055743748149899,-0.8783432108318346
229,4.8895098738767215,0.44048288787685985,-4.449026985999861,0.44048288787685985,-0.991865050736654
231,4.882711060071666,0.1491724348657677,-4.733538625205899,0.08075404819656126,-1.194142938761977
28,4.878979569649143,0.4093696385179073,-4.469609931131236,0.2698580969891505,-1.1327569270054867
(HA2)10,4.858456182167325,0.07359174198454686,-4.784864440182778,0.07359174198454686,-1.0990305553883355
211,4.847520507147819,0.08917332431165576,-4.758347182836164,0.08917332431165576,-1.3814393673836431
(HA2)87,4.846879371629247,0.0,-4.846879371629247,0.0,-1.099907514286395
247,4.831097449367363,0.7807408761814245,-4.050356573185939,0.4689902904273282,-1.1907774299526022
313,4.817490160125137,0.22768886461874777,-4.5898012955063905,0.1327909292009369,-1.584053673586435
251,4.808251692266538,0.19195024585333686,-4.616301446413201,0.19195024585333686,-1.6079319216692443
223,4.806296384968022,0.4722809188302861,-4.3340154661377355,0.2751774119568382,-1.2512236532709935
(HA2)35,4.805087921881805,0.15733559365418176,-4.647752328227623,0.15733559365418176,-1.065494997186012
137,4.804901893943508,0.3254593561326248,-4.479442537810883,0.3065327294726401,-2.173884504809556
(HA2)5,4.776479420830116,0.4704211820849641,-4.306058238745152,0.4704211820849641,-1.161667124098662
(HA2)100,4.764222567476594,0.0,-4.764222567476594,0.0,-1.0731868992360183
(HA2)89,4.72573013452522,0.12522734394612398,-4.600502790579096,0.12522734394612398,-0.8145643008997048
(HA2)122,4.692494423286728,0.0,-4.692494423286728,0.0,-0.8504113226085926
(HA2)58,4.681948011357641,0.2883728708933749,-4.393575140464266,0.2883728708933749,-0.7990696073897166
314,4.679153654537014,1.7252293235800704,-2.9539243309569443,1.3678298270214593,-1.3848571801643688
95,4.672735945418114,0.6664018506371459,-4.006334094780968,0.6455487813914081,-1.1138838885539817
205,4.668688954326512,0.5114668221225889,-4.1572221322039224,0.36478677555481054,-1.678238783644808
-9,4.641112440036739,0.0023709030221636396,-4.6387415370145755,0.0023709030221636396,-0.8353943858650926
42,4.635561631694256,0.0,-4.635561631694256,0.0,-1.910329772700472
32,4.619292252681064,0.2191651223590193,-4.400127130322045,0.13196882588069359,-0.7881929665097235
(HA2)68,4.617447230127741,0.9910463696614551,-3.626400860466286,0.35003686282408497,-1.0861298535364026
145,4.606074627192882,4.1184251117133805e-05,-4.606033442941765,4.1184251117133805e-05,-1.3330713781959327
(HA2)42,4.600722608574936,0.2337101026540731,-4.367012505920863,0.22747409149457487,-1.7019406785112616
(HA2)6,4.599879879148903,0.0,-4.599879879148903,0.0,-1.0264357740629517
237,4.5856881881733145,0.9270227931801273,-3.6586653949931875,0.8351014809990256,-1.633521584444299
158,4.558081909623285,0.691604592397107,-3.866477317226178,0.6836204143681079,-0.6766405898867729
30,4.535688528768702,0.0,-4.535688528768702,0.0,-0.6807921135715471
302,4.524062572665083,0.02278089537114234,-4.5012816772939415,0.02278089537114234,-0.7808137662279806
-13,4.515891285261568,0.13105309851059876,-4.38483818675097,0.13105309851059876,-0.9121130696399191
60,4.461114479147635,0.0,-4.461114479147635,0.0,-1.1303410731962786
155,4.432639220278807,0.258574272484543,-4.174064947794263,0.19136440237321906,-1.3397202087111675
315,4.429460866478277,0.05169009057441479,-4.377770775903862,0.05169009057441479,-1.2986855004615958
292,4.380481747336873,0.28490572360630084,-4.095576023730572,0.28490572360630084,-0.8491396991809859
43,4.3741241840601806,0.0,-4.3741241840601806,0.0,-2.142410732435905
18,4.348750020809331,0.21660177373647843,-4.132148247072854,0.10927424893679254,-1.2813530493805332
(HA2)74,4.332044828729483,2.8095943034669877,-1.5224505252624956,2.437959478179112,-0.5839677347497635
143,4.306611451258589,0.16109715898352356,-4.145514292275065,0.13044942793409955,-0.7764840027213012
-1,4.305519473817229,0.0,-4.305519473817229,0.0,-2.150454342674403
(HA2)52,4.294383119822395,0.6041558405594818,-3.6902272792629134,0.6041558405594818,-0.7572977014294886
(HA2)93,4.273544705310871,0.0,-4.273544705310871,0.0,-1.7611107225213094
298,4.237374176261197,0.0,-4.237374176261197,0.0,-0.9894250709244043
246,4.237211984297699,3.052939559938144,-1.1842724243595546,2.239430709664414,-0.2754750367819433
(HA2)193,4.233875887365554,0.0,-4.233875887365554,0.0,-1.5650099184436088
198,4.219582536660864,1.684396862125541,-2.535185674535323,0.9111730686851378,-1.3810370305824093
236,4.173669704032545,0.19893733375841255,-3.974732370274132,0.1331595590399683,-0.8931973571772224
(HA2)94,4.15672551492513,0.06622303835006373,-4.090502476575065,0.06622303835006373,-0.7037564683502703
200,4.148589766160705,0.30833696087151496,-3.8402528052891896,0.1740382183695124,-0.9589063712555709
31,4.146315379169303,0.12737354581565558,-4.018941833353646,0.09237746303994411,-0.7282126170634335
(HA2)96,4.103560071798355,0.23511617077210983,-3.8684439010262444,0.21770340583617684,-0.8536060860728782
39,4.098957863996376,0.12672828774571532,-3.9722295762506614,0.12672828774571532,-1.1654205121173156
(HA2)48,4.097172882197959,1.101175837806983,-2.9959970443909767,0.8514139786171191,-1.1636080739184607
(HA2)154,4.090079289906161,0.2803441811890473,-3.809735108717113,0.2713508450728122,-0.8317179965147645
(HA2)72,4.080217186038363,0.1097094017987672,-3.9705077842395955,0.1097094017987672,-1.1707848708730295
276,4.073342800484287,0.36541682917488805,-3.707925971309399,0.17262564819409776,-0.9723431609335789
(HA2)176,4.059709946171219,0.0,-4.059709946171219,0.0,-1.3617447817094246
(HA2)63,4.047736842739246,0.3669830464058349,-3.6807537963334105,0.21753860571227998,-0.5925876981165645
129,4.04030648156881,0.3670387497102726,-3.673267731858537,0.28438378213601456,-0.8721051458995132
(HA2)127,4.028067456304363,0.6559752802984521,-3.3720921760059115,0.40677491905319835,-1.267606413204165
(HA2)4,3.9984034094023553,0.11802016541719418,-3.8803832439851607,0.11802016541719418,-0.6501941437508435
221,3.9787670281347993,0.0,-3.9787670281347993,0.0,-1.2583759197087387
(HA2)111,3.9404370358901173,0.29640519085866457,-3.6440318450314524,0.1651246954977569,-1.2267099866221987
202,3.9308361946030814,0.0,-3.9308361946030814,0.0,-1.261464450053877
319,3.926192916132422,0.0,-3.926192916132422,0.0,-0.8596608935460236
(HA2)90,3.9208247635330222,0.007684015967563334,-3.9131407475654587,0.007684015967563334,-0.6703736873990167
62,3.905429214464215,0.13144775205007406,-3.773981462414141,0.13144775205007406,-0.7316487164487391
268,3.8317360628446746,0.6915245984601978,-3.140211464384477,0.2862430931298366,-1.154863905236404
82,3.8209938761235276,0.07178616835033358,-3.749207707773194,0.07178616835033358,-0.6599255318031387
185,3.8191262204806358,0.05981324642203329,-3.7593129740586018,0.05981324642203329,-0.853323757004663
79,3.817996897650642,0.07557033959118156,-3.7424265580594605,0.07557033959118156,-0.9422400458179834
-4,3.8128809786542526,0.47379038778313703,-3.339090590871116,0.30679738083836655,-1.2798074634158687
49,3.8090581379193447,0.23025828883456873,-3.578799849084776,0.08412879116336415,-0.4839975012589658
68,3.793308793090341,0.23583702737829,-3.557471765712051,0.23583702737829,-1.3422543178799322
(HA2)2,3.764412313880227,0.6661356465848542,-3.0982766672953725,0.4639534843158635,-0.9903136820371723
(HA2)79,3.7631845299751125,0.7997594062097766,-2.963425123765336,0.3919062322745276,-0.9212522542926624
(HA2)107,3.7568884281622847,0.0,-3.7568884281622847,0.0,-0.6533920940467615
318,3.754265161925553,0.30140643577498205,-3.452858726150571,0.15977026940239109,-1.255450230236844
162,3.7435840173176693,0.0,-3.7435840173176693,0.0,-0.7177192778411557
(HA2)69,3.737156215402047,0.016396207179220388,-3.720760008222827,0.016396207179220388,-0.7041209498594323
300,3.7169902337527327,0.18012844039303058,-3.5368617933597015,0.18012844039303058,-0.5999911772663048
(HA2)24,3.714832776517513,0.027282388154803355,-3.6875503883627094,0.027282388154803355,-0.6706688314348943
250,3.7126968188950493,0.21522459360121615,-3.4974722252938335,0.21496099693145737,-1.225150886238796
252,3.704295695973525,0.0,-3.704295695973525,0.0,-0.7288815724089297
181,3.693398720533141,0.7207068143715399,-2.972691906161601,0.7206673693098009,-0.8273444709260684
191,3.686672127154803,0.35182095652370754,-3.3348511706310955,0.1811661911773937,-0.7322749498106802
234,3.6699201508908974,0.0,-3.6699201508908974,0.0,-0.7374891627841237
149,3.6676999922044384,0.00803732188536771,-3.6596626703190704,0.00803732188536771,-0.7192979046047013
(HA2)190,3.6518129713909357,0.022555937710366326,-3.6292570336805694,0.022555937710366326,-1.7880042202266433
(HA2)123,3.6487787920839017,0.10810653425365732,-3.5406722578302445,0.10810653425365732,-1.3090087766829641
(HA2)85,3.6460382144340557,0.9440822147972603,-2.7019559996367954,0.48302191036125713,-0.4364564196167435
101,3.6358924295567236,0.39606711015688867,-3.239825319399835,0.39606711015688867,-1.1464714740017927
230,3.6338214103364375,0.15335863618707282,-3.480462774149364,0.08139565687901196,-1.084155202538278
165,3.6282468521300064,0.14185445634134727,-3.486392395788659,0.0960160172497468,-0.8414071123910796
274,3.6011534344944636,0.4372984239771014,-3.1638550105173624,0.4372984239771014,-0.9706196242305101
170,3.592372687398955,0.0,-3.592372687398955,0.0,-0.691611636251914
(HA2)105,3.5753202822453556,0.0,-3.5753202822453556,0.0,-0.5955241015228339
56,3.569326271134515,0.16255713778343708,-3.406769133351078,0.09300791504056197,-0.9596905301735146
12,3.5663086249151417,0.0,-3.5663086249151417,0.0,-0.8044288863527628
254,3.553588105055407,0.26880105150508204,-3.284787053550325,0.26880105150508204,-0.8612811030017672
171,3.5467510035388052,0.17143006263190821,-3.3753209409068976,0.10735873367887652,-0.8347636261706338
(HA2)16,3.53946009413429,0.3442571522824477,-3.1952029418518424,0.3442571522824477,-0.9979076515114271
(HA2)67,3.5305925452072855,0.0867394230469564,-3.4438531221603292,0.0867394230469564,-1.0791607144971613
(HA2)50,3.5283240590840097,0.2769771839569338,-3.2513468751270764,0.19484061356031085,-0.7215999742258989
(HA2)175,3.520974363711964,0.0,-3.520974363711964,0.0,-0.9340163722362763
232,3.5209673326195814,0.01115547271515505,-3.5098118599044263,0.007586458494180718,-0.6545630274584955
110,3.508576423262178,0.0,-3.508576423262178,0.0,-1.1971721435205231
70,3.491237476957933,0.0,-3.491237476957933,0.0,-0.7261831309252587
(HA2)112,3.445889378431873,1.6130332526082058,-1.8328561258236677,1.564558288795798,-0.5199138406258365
(HA2)44,3.4127781879656114,0.0,-3.4127781879656114,0.0,-1.4630457490249646
(HA2)1,3.382044112673614,0.20754678666885662,-3.1744973260047575,0.20754678666885662,-0.8429857919449683
288,3.379910163882866,0.24085001726617955,-3.139060146616687,0.19648203704335615,-0.6687183668638426
107,3.3754775442462366,0.21414586629013088,-3.161331677956105,0.13251429657834313,-0.8807690629037921
(HA2)95,3.3748731817123683,0.1560392094789073,-3.218833972233461,0.0852047458415269,-0.7058038009538885
(HA2)129,3.3641031021024546,0.0,-3.3641031021024546,0.0,-0.520002115648565
133,3.351221760118464,1.2648690036164335e-05,-3.351209111428428,1.2648690036164335e-05,-0.6909447139343212
320,3.3305646852165594,0.3435388407215894,-2.9870258444949704,0.2699991373243428,-0.6142972413415303
(HA2)12,3.318042253681597,0.07394830625396914,-3.244093947427628,0.07394830625396914,-0.744733738619257
241,3.3007862946646025,0.2243562907916775,-3.0764300038729253,0.2243562907916775,-0.7479857935843512
248,3.2958072715822353,0.8560408397397917,-2.4397664318424437,0.45581718460749854,-1.0049808150788806
93,3.287330805416272,0.11273203339244717,-3.174598772023825,0.11273203339244717,-1.1460736644324583
258,3.26521187987122,0.6387281740222421,-2.626483705848978,0.46006134788529107,-1.2932331924414961
(HA2)3,3.2530735769102406,0.0,-3.2530735769102406,0.0,-0.6916508615962171
263,3.2372423886340838,0.013902669360395551,-3.2233397192736883,0.013665748158645782,-0.7668973397630585
136,3.1889257227626358,0.15037940294745605,-3.0385463198151794,0.15037940294745605,-1.0941652826660442
322,3.168279815651829,0.18537820954366002,-2.9829016061081686,0.18537820954366002,-0.7008024216630822
90,3.1650913012779016,0.2150646724849421,-2.9500266287929593,0.18642982351132806,-0.9320393329322022
26,3.114634217851804,0.0,-3.114634217851804,0.0,-0.9946394468946301
(HA2)92,3.0915008556728227,0.0014337752613348806,-3.090067080411487,0.0014337752613348806,-0.5764637838263458
102,3.0794713145293224,0.0,-3.0794713145293224,0.0,-0.6634829121062609
19,3.0532938175845143,0.009781122443964068,-3.0435126951405502,0.009781122443964068,-0.6721252012231682
14,3.037763814088929,0.0,-3.037763814088929,0.0,-0.676885806950569
233,3.0357501212033875,0.4302235882784452,-2.605526532924942,0.4302235882784452,-0.8078364016364994
203,3.023948382508349,0.0,-3.023948382508349,0.0,-0.9216820237382717
13,3.022234340995444,0.7775842851455279,-2.2446500558499163,0.7775842851455279,-1.0179757468915982
(HA2)64,3.0182223734172755,1.449137288392496,-1.5690850850247795,1.4399464576067618,-0.47614723224765376
297,3.00648619197593,0.0,-3.00648619197593,0.0,-1.392294991681871
190,3.0031320920878044,0.16257463414215237,-2.840557457945652,0.16257463414215237,-0.8454772760949331
177,2.9763009318055365,0.0,-2.9763009318055365,0.0,-1.0963405519036025
(HA2)78,2.9703966704707088,0.960373468066341,-2.010023202404368,0.4555473174894843,-0.9027686523630657
293,2.943661890430611,0.0,-2.943661890430611,0.0,-0.6600059289430649
140,2.926285874008191,0.2861919947089478,-2.6400938792992434,0.2680190766341466,-0.9174938830905549
99,2.8922487979558356,0.07482994819958273,-2.817418849756253,0.07482994819958273,-1.0280673813585637
17,2.892086509944692,0.7223187790910508,-2.1697677308536414,0.3618631455299792,-0.4902911652758536
11,2.88890371750133,0.08812364513008067,-2.800780072371249,0.08812364513008067,-1.1840010479230254
194,2.8864475183880396,1.0175427071107475,-1.8689048112772917,0.6498921793799752,-0.5451887975355038
(HA2)26,2.8846052737210717,0.2689121824115881,-2.615693091309484,0.2553615181079123,-0.6995556416629404
20,2.8785513328146566,0.104002698986421,-2.774548633828236,0.104002698986421,-1.164579245909628
282,2.85865248236806,0.07670554665869969,-2.78194693570936,0.04871017074100215,-0.8205044702560274
(HA2)20,2.857563150538688,0.8193542867098095,-2.0382088638288787,0.693094569980274,-0.7315302217125568
100,2.8572808727308088,0.029638843744323073,-2.8276420289864856,0.029638843744323073,-0.7546393250358956
321,2.84095887904375,0.0,-2.84095887904375,0.0,-0.6044073927282674
109,2.8123886799377207,1.5122750425364453,-1.3001136374012754,0.9629221598788925,-0.48395081073965135
118,2.7923498791296546,1.9170382957763576,-0.8753115833532976,1.1763723112741022,-0.41492549125664835
245,2.7793207192982012,0.12760764215220718,-2.651713077145994,0.12760764215220718,-0.8728379110365543
(HA2)66,2.7554293712182876,0.5393922875959505,-2.216037083622337,0.3932325502631753,-0.748706809235355
125,2.7368664577013604,0.08617149032016756,-2.6506949673811926,0.08617149032016756,-1.2709084349048725
126,2.7367126538317836,1.6911988813523655,-1.0455137724794175,1.0556466757973089,-0.3592514090156045
(HA2)194,2.7354796260864913,0.025044035096116433,-2.710435590990375,0.025044035096116433,-1.2286851366050564
287,2.7270391857228176,1.1711781190251056,-1.5558610666977124,0.46438975619037903,-0.5536222573081349
115,2.713048162318917,0.3947584948426193,-2.3182896674762974,0.3480856960163964,-0.5025619021331603
148,2.695010083759011,0.5194808293486132,-2.175529254410398,0.5194808293486132,-0.4055401118273167
23,2.693825500666896,0.0,-2.693825500666896,0.0,-0.7747673360880994
204,2.682335299076238,0.17189147892433598,-2.5104438201519024,0.10189679953769833,-0.7834058956783011
179,2.6790673297683876,0.1058716297620262,-2.5731957000063614,0.1058716297620262,-0.47583802491895577
296,2.677898629154579,0.11979147901751294,-2.558107150137066,0.11979147901751294,-0.8573056832134531
(HA2)23,2.6662122538552904,0.0,-2.6662122538552904,0.0,-0.4664078509391014
15,2.653413092586696,0.8105440196557047,-1.8428690729309911,0.5664362599828253,-0.7864818084058033
277,2.648241997485092,0.1937745444293543,-2.4544674530557375,0.1937745444293543,-0.8140101220395961
265,2.6475345330359916,0.8114715596881015,-1.8360629733478895,0.7592329243236159,-0.6779087921303428
(HA2)41,2.638284459916089,0.11387869699821088,-2.524405762917878,0.10548608928009257,-0.6471302879736511
272,2.634275471235347,0.3438525783185524,-2.2904228929167947,0.21984428314923804,-0.7189413192556473
104,2.6156845283897794,0.2775676095831751,-2.3381169188066044,0.2775676095831751,-1.0678961449262985
270,2.6005969187206364,0.0748076384779455,-2.5257892802426904,0.0748076384779455,-0.9210799930369902
(HA2)83,2.5992955842609167,0.32202240378329544,-2.2772731804776214,0.283977721935214,-0.7098610621771071
197,2.5842347569791455,0.7830547539796121,-1.801180002999533,0.7510016412383982,-1.1624212062145987
174,2.584175671425157,0.353654862373025,-2.230520809052132,0.19197497505422245,-0.4241547745498314
(HA2)119,2.58120717459412,0.38555173022792477,-2.1956554443661953,0.29508567864605,-0.5078139641209192
(HA2)84,2.5689489253770907,0.0,-2.5689489253770907,0.0,-0.7624544374532437
(HA2)9,2.546766919361939,1.8875682385061825e-05,-2.5467480436795538,1.8875682385061825e-05,-0.5479414229679178
285,2.541825475017288,0.0,-2.541825475017288,0.0,-0.43941076556438813
73,2.5284414241520254,0.6254913433162353,-1.9029500808357902,0.48433620487085804,-0.4918546470364077
(HA2)217,2.5242913502438267,0.15191683568152717,-2.372374514562299,0.15191683568152717,-0.6222155760392221
182,2.5210990250669596,0.2040650940739861,-2.3170339309929737,0.2040650940739861,-0.8245381866233059
29,2.5073315537228833,0.0024513391693275145,-2.504880214553556,0.000798938056441142,-1.2757153763911742
166,2.490309369859696,0.0,-2.490309369859696,0.0,-0.33000065695963104
266,2.479659175312346,0.15076188917771244,-2.3288972861346333,0.0824198998873116,-0.622143515876197
196,2.4628234568179037,0.16263146428549072,-2.3001919925324126,0.16258487575080888,-0.8023494035779053
66,2.4504182780125934,0.0,-2.4504182780125934,0.0,-0.7465341682604367
(HA2)22,2.4457622815952833,0.5027518779364919,-1.9430104036587912,0.30253856733794027,-0.8376127095203647
(HA2)108,2.443462216185687,0.19417432529736642,-2.2492878908883203,0.1798145316098983,-1.0194554968839127
64,2.435854420103578,1.26271072078824,-1.1731436993153384,1.1595365403542217,-0.43996613567632464
91,2.428686765856148,0.3682793117041655,-2.0604074541519823,0.2519053460564835,-0.42509833488694876
316,2.4154678703417556,0.3168916653775379,-2.0985762049642176,0.18898667474695807,-0.3694220653833302
271,2.403962235875297,0.3438797760885741,-2.060082459786723,0.16317468474327607,-0.6847194737372544
273,2.402158200379062,0.13416395991745625,-2.2679942404616056,0.13416395991745625,-0.45686166695876584
(HA2)28,2.390034590048144,0.29799051192760717,-2.092044078120537,0.29799051192760717,-0.3923018459453276
86,2.386152643503621,0.006384943628963077,-2.3797676998746584,0.006384943628963077,-1.4544007385305342
(HA2)76,2.375778945965195,0.9286416381934623,-1.4471373077717322,0.4114161178565137,-0.5579305223576285
69,2.3628454608340235,0.6913885801377727,-1.6714568806962506,0.4633608780775927,-0.7159718797574555
150,2.349931481254438,0.3734367887597485,-1.9764946924946896,0.3734367887597485,-0.8256328023151536
294,2.3222026540274614,0.0,-2.3222026540274614,0.0,-0.4478882210995339
116,2.3207899762658823,0.3840674556948668,-1.936722520571016,0.20622303464257935,-1.3270485767477063
(HA2)126,2.2935907271915164,0.0,-2.2935907271915164,0.0,-0.5828290387733076
235,2.2905385192058887,0.09227921388444676,-2.198259305321442,0.09227921388444676,-0.5417062014595335
139,2.2880573385736285,0.1699917694210861,-2.1180655691525425,0.08534581532194478,-0.5296299867772274
308,2.2879802743221833,0.539071473356555,-1.7489088009656282,0.41412625070724207,-0.38385419748287486
127,2.250143556536335,0.03699110244582263,-2.2131524540905123,0.03699110244582263,-0.5845196713819876
114,2.235308845553698,0.6393504238409876,-1.5959584217127103,0.5375188388978194,-0.5122246234289249
89,2.231718948815878,0.0,-2.231718948815878,0.0,-0.48154491527484167
253,2.204084273292254,0.0,-2.204084273292254,0.0,-0.9074457106428074
(HA2)189,2.1835170870677074,0.07648199165392111,-2.107035095413786,0.07648199165392111,-0.7283263637356437
329,2.1816740998183435,0.27719137420640316,-1.9044827256119397,0.18869319535412207,-1.0112535168639512
97,2.1722907787207464,0.5587565972303167,-1.6135341814904298,0.31362147706453464,-0.43113448367022306
(HA2)31,2.1626734093334092,0.20263301968673264,-1.9600403896466767,0.20263301968673264,-0.5156528207336666
105,2.1214265432061143,0.25639100655748015,-1.8650355366486346,0.13059835675804135,-0.41222026606653117
305,2.1015566182469265,0.16796254104533767,-1.933594077201589,0.13135641617859148,-0.6150271573859953
(HA2)8,2.0455367817258017,0.6906957644324767,-1.3548410172933247,0.6906957644324767,-0.4408192620310091
74,2.0163172401318707,0.21310890010472175,-1.8032083400271488,0.18457820198256536,-0.46682841142567355
(HA2)75,2.0045317539225826,0.7639727328366704,-1.240559021085912,0.3910876624928755,-0.48329267499414297
306,1.9809582691235674,0.0,-1.9809582691235674,0.0,-0.9453963014456064
243,1.9768044666253122,0.3606598913690371,-1.616144575256275,0.20641657014812206,-0.8534129538141949
195,1.976711131680849,0.0,-1.976711131680849,0.0,-0.5097919231529636
169,1.9723372323643025,0.17115881465485766,-1.801178417709445,0.17101244709538804,-0.46962673880924866
172,1.9721241556711469,0.2631163007723079,-1.7090078548988388,0.26310965383300133,-0.5050282255178163
281,1.9675897259127202,0.3475677024352427,-1.6200220234774776,0.2643263231911413,-0.7302277937159763
61,1.944788348462436,0.9058886616011773,-1.0388996868612586,0.9048701876097281,-0.3145347222841134
108,1.9427862618263159,0.4164352983126334,-1.5263509635136827,0.21450731356763975,-0.7888249201298272
130,1.9381004181451025,0.07510945339335097,-1.8629909647517515,0.07510945339335097,-0.6301620860785461
84,1.9354899873462093,0.0,-1.9354899873462093,0.0,-0.3489919225749516
239,1.927564919497532,0.016672438729257503,-1.9108924807682746,0.01662933728344134,-0.4984815199410769
87,1.9174126388113457,0.23691012204979844,-1.6805025167615475,0.15400768056650405,-0.3131446246341519
77,1.89363432134867,0.1992816105111999,-1.69435271083747,0.14971445911284878,-0.531589048970028
303,1.8842557352012392,0.5382046081681887,-1.3460511270330504,0.45839569341793873,-0.4172127938932495
154,1.875242300561456,0.5941649798134063,-1.2810773207480495,0.5931263329689201,-0.4777551753854934
240,1.8652031513817255,0.03359481744485067,-1.831608333936875,0.03359481744485067,-0.4945026210046643
(HA2)33,1.8418364683614878,0.2607612179417413,-1.5810752504197465,0.21934377922102163,-0.4213764219593825
58,1.8413960484056962,0.0,-1.8413960484056962,0.0,-0.8720215164993621
41,1.8348391576260714,0.22465333233942641,-1.6101858252866452,0.22463673891536923,-0.5211721827291772
317,1.8330670824412763,0.4161673746218151,-1.4168997078194612,0.2063366549902809,-0.44262536444904466
123,1.8307170244050557,0.0,-1.8307170244050557,0.0,-1.0281261939027113
249,1.8200861577278307,0.33244805178719783,-1.4876381059406332,0.3272546288658438,-0.5960264598982904
65,1.819054133476837,0.6970768664205385,-1.1219772670562989,0.3731622327494604,-0.368219055565086
141,1.815336064012613,0.1397405210080517,-1.6755955430045613,0.1251892259517976,-0.7050912088402741
120,1.7967213232804622,0.11575702794867428,-1.6809642953317878,0.11575702794867428,-0.44242829417165314
111,1.78683138571067,0.0004288889131460787,-1.7864024967975234,0.00017070241945495575,-0.3029869807574625
183,1.7800606811859774,0.02184055297128626,-1.758220128214691,0.021324323209459706,-0.9514029524532361
52,1.7759031372127376,0.45160538595438415,-1.3242977512583534,0.20188159631435199,-0.4785553361942778
16,1.7434203480502548,0.025382739189618905,-1.7180376088606357,0.025382739189618905,-0.8758277673243692
119,1.7360682618642567,0.0,-1.7360682618642567,0.0,-0.4764550856547718
(HA2)213,1.7305854555167521,0.0,-1.7305854555167521,0.0,-0.578638755347918
206,1.71391422574515,0.04917806054993985,-1.6647361651952104,0.04917806054993985,-0.4926511853242474
134,1.7124455437523733,0.18908280928733792,-1.5233627344650356,0.18908280928733792,-0.6309314745307409
175,1.7035638485040727,0.3829443803517604,-1.3206194681523122,0.38290836677370704,-0.34673632414905076
55,1.7027779130435141,0.5318057076523433,-1.1709722053911709,0.5318057076523433,-0.46012659434101905
(HA2)21,1.6520487718210373,0.42126608131697474,-1.2307826905040624,0.19159148325389994,-0.5050997871497289
(HA2)7,1.6413678473675333,0.8580659084647739,-0.7833019389027591,0.6159354360632027,-0.4829995203376777
-11,1.6373772839885623,0.23653515900379968,-1.400842124984763,0.23387168789087004,-0.6089968187121744
147,1.6339819727416165,0.0,-1.6339819727416165,0.0,-0.3830711082184034
(HA2)103,1.631723615009197,0.39538614968623853,-1.2363374653229586,0.26386635560056937,-0.4697525369684016
228,1.6288482426222608,0.06388582979399848,-1.5649624128282624,0.05619209654120481,-0.43577728954393374
71,1.5742559358490689,0.0880351345859675,-1.4862208012631013,0.0880351345859675,-0.3746200151001317
255,1.5670100651243901,0.09420402460173863,-1.4728060405226515,0.06450428125669432,-0.3986964900585121
257,1.5662166001581141,0.21825687921358589,-1.3479597209445282,0.14818036690575925,-0.5406681959330943
76,1.553502908140162,0.869862918493228,-0.6836399896469336,0.5665403912762197,-0.15308231470493658
178,1.544669365997501,0.14713099588866121,-1.3975383701088397,0.14713099588866121,-0.8939845740305504
180,1.53669290910734,0.1779793056442675,-1.3587136034630727,0.1479353256773443,-0.7433574957638236
(HA2)118,1.5116740532807262,0.4716614704845075,-1.040012582796219,0.47145577846375686,-0.25151876118265376
113,1.443969035693007,0.07733761149291488,-1.366631424200092,0.07733761149291488,-0.3762969764885484
(HA2)192,1.4283451217936112,0.5226147376957024,-0.9057303840979085,0.4225689101551722,-0.7414025416598797
256,1.423540376379859,0.0,-1.423540376379859,0.0,-0.7801906894133315
(HA2)104,1.3757008187904898,0.17489838705295974,-1.20080243173753,0.1299096069058973,-0.2052327272185169
153,1.375144333791647,0.3647510484886569,-1.01039328530299,0.36406638163422,-0.25138015937593244
151,1.3744105237059954,0.01767576789698299,-1.3567347558090124,0.01767576789698299,-0.7335076551366286
152,1.3617538499338804,0.3258043934517262,-1.035949456482154,0.24063614520043325,-0.3841086584263911
72,1.34377698605265,0.0,-1.34377698605265,0.0,-0.4502116249619667
176,1.3339133903160107,0.05096277131412023,-1.2829506190018904,0.05096082423102659,-0.23517061630522243
146,1.26984569459279,0.0,-1.26984569459279,0.0,-0.7208935153329192
309,1.2164263841875416,0.11425012506458877,-1.1021762591229527,0.07786085908810104,-0.24258578343535833
(HA2)115,1.1366464765201085,0.3129051009697652,-0.8237413755503433,0.19208232361795763,-0.3008629515045692
295,0.9377022527816268,0.40124088465675045,-0.5364613681248763,0.2208298593601661,-0.11201159838538757
112,0.7764160895549628,0.1514397908919249,-0.6249762986630379,0.1514397908919249,-0.19511358142249904
286,0.760244066039207,0.2049820442720276,-0.5552620217671793,0.11572687056475328,-0.20732403387275627
283,0.7084292518657345,0.24128304590984836,-0.4671462059558861,0.22125180357838803,-0.19373054029596676
(HA2)188,0.5591436949411487,0.0,-0.5591436949411487,0.0,-0.28805904968194024
284,0.42681910108550053,0.07788250271198997,-0.34893659837351054,0.07788250271198997,-0.16131242552593922
